date,pharmacy_id,barcode,daily_sales,lag_1,lag_7,lag_14,roll_mean_7,roll_mean_14,day_of_week,is_weekend,month,target_next_day
2024-01-02,Ph01_Z01_C01,1062,2.0,0.0,0.0,0.0,2.0,2.0,1,0,1,1.0
2024-01-03,Ph01_Z01_C01,1062,1.0,2.0,0.0,0.0,1.5,1.5,2,0,1,4.0
2024-01-04,Ph01_Z01_C01,1062,4.0,1.0,0.0,0.0,2.3333333333333335,2.3333333333333335,3,0,1,2.0
2024-01-05,Ph01_Z01_C01,1062,2.0,4.0,0.0,0.0,2.25,2.25,4,0,1,1.0
2024-01-06,Ph01_Z01_C01,1062,1.0,2.0,0.0,0.0,2.0,2.0,5,1,1,2.0
2024-01-07,Ph01_Z01_C01,1062,2.0,1.0,0.0,0.0,2.0,2.0,6,1,1,3.0
2024-01-08,Ph01_Z01_C01,1062,3.0,2.0,0.0,0.0,2.142857142857143,2.142857142857143,0,0,1,0.0
2024-01-09,Ph01_Z01_C01,1062,0.0,3.0,2.0,0.0,1.8571428571428572,1.875,1,0,1,1.0
2024-01-10,Ph01_Z01_C01,1062,1.0,0.0,1.0,0.0,1.8571428571428572,1.7777777777777777,2,0,1,0.0
2024-01-11,Ph01_Z01_C01,1062,0.0,1.0,4.0,0.0,1.2857142857142858,1.6,3,0,1,1.0
2024-01-12,Ph01_Z01_C01,1062,1.0,0.0,2.0,0.0,1.1428571428571428,1.5454545454545454,4,0,1,1.0
2024-01-13,Ph01_Z01_C01,1062,1.0,1.0,1.0,0.0,1.1428571428571428,1.5,5,1,1,0.0
2024-01-14,Ph01_Z01_C01,1062,0.0,1.0,2.0,0.0,0.8571428571428571,1.3846153846153846,6,1,1,0.0
2024-01-15,Ph01_Z01_C01,1062,0.0,0.0,3.0,0.0,0.42857142857142855,1.2857142857142858,0,0,1,0.0
2024-01-16,Ph01_Z01_C01,1062,0.0,0.0,0.0,2.0,0.42857142857142855,1.1428571428571428,1,0,1,1.0
2024-01-17,Ph01_Z01_C01,1062,1.0,0.0,1.0,1.0,0.42857142857142855,1.1428571428571428,2,0,1,2.0
2024-01-18,Ph01_Z01_C01,1062,2.0,1.0,0.0,4.0,0.7142857142857143,1.0,3,0,1,1.0
2024-01-19,Ph01_Z01_C01,1062,1.0,2.0,1.0,2.0,0.7142857142857143,0.9285714285714286,4,0,1,1.0
2024-01-20,Ph01_Z01_C01,1062,1.0,1.0,1.0,1.0,0.7142857142857143,0.9285714285714286,5,1,1,3.0
2024-01-21,Ph01_Z01_C01,1062,3.0,1.0,0.0,2.0,1.1428571428571428,1.0,6,1,1,1.0
2024-01-22,Ph01_Z01_C01,1062,1.0,3.0,0.0,3.0,1.2857142857142858,0.8571428571428571,0,0,1,1.0
2024-01-23,Ph01_Z01_C01,1062,1.0,1.0,0.0,0.0,1.4285714285714286,0.9285714285714286,1,0,1,3.0
2024-01-24,Ph01_Z01_C01,1062,3.0,1.0,1.0,1.0,1.7142857142857142,1.0714285714285714,2,0,1,0.0
2024-01-25,Ph01_Z01_C01,1062,0.0,3.0,2.0,0.0,1.4285714285714286,1.0714285714285714,3,0,1,1.0
2024-01-26,Ph01_Z01_C01,1062,1.0,0.0,1.0,1.0,1.4285714285714286,1.0714285714285714,4,0,1,0.0
2024-01-27,Ph01_Z01_C01,1062,0.0,1.0,1.0,1.0,1.2857142857142858,1.0,5,1,1,0.0
2024-01-28,Ph01_Z01_C01,1062,0.0,0.0,3.0,0.0,0.8571428571428571,1.0,6,1,1,0.0
2024-01-29,Ph01_Z01_C01,1062,0.0,0.0,1.0,0.0,0.7142857142857143,1.0,0,0,1,1.0
2024-01-30,Ph01_Z01_C01,1062,1.0,0.0,1.0,0.0,0.7142857142857143,1.0714285714285714,1,0,1,1.0
2024-01-31,Ph01_Z01_C01,1062,1.0,1.0,3.0,1.0,0.42857142857142855,1.0714285714285714,2,0,1,2.0
2024-02-01,Ph01_Z01_C01,1062,2.0,1.0,0.0,2.0,0.7142857142857143,1.0714285714285714,3,0,2,2.0
2024-02-02,Ph01_Z01_C01,1062,2.0,2.0,1.0,1.0,0.8571428571428571,1.1428571428571428,4,0,2,1.0
2024-02-03,Ph01_Z01_C01,1062,1.0,2.0,0.0,1.0,1.0,1.1428571428571428,5,1,2,1.0
2024-02-04,Ph01_Z01_C01,1062,1.0,1.0,0.0,3.0,1.1428571428571428,1.0,6,1,2,0.0
2024-02-05,Ph01_Z01_C01,1062,0.0,1.0,0.0,1.0,1.1428571428571428,0.9285714285714286,0,0,2,2.0
2024-02-06,Ph01_Z01_C01,1062,2.0,0.0,1.0,1.0,1.2857142857142858,1.0,1,0,2,0.0
2024-02-07,Ph01_Z01_C01,1062,0.0,2.0,1.0,3.0,1.1428571428571428,0.7857142857142857,2,0,2,2.0
2024-02-08,Ph01_Z01_C01,1062,2.0,0.0,2.0,0.0,1.1428571428571428,0.9285714285714286,3,0,2,0.0
2024-02-09,Ph01_Z01_C01,1062,0.0,2.0,2.0,1.0,0.8571428571428571,0.8571428571428571,4,0,2,1.0
2024-02-10,Ph01_Z01_C01,1062,1.0,0.0,1.0,0.0,0.8571428571428571,0.9285714285714286,5,1,2,1.0
2024-02-11,Ph01_Z01_C01,1062,1.0,1.0,1.0,0.0,0.8571428571428571,1.0,6,1,2,2.0
2024-02-12,Ph01_Z01_C01,1062,2.0,1.0,0.0,0.0,1.1428571428571428,1.1428571428571428,0,0,2,0.0
2024-02-13,Ph01_Z01_C01,1062,0.0,2.0,2.0,1.0,0.8571428571428571,1.0714285714285714,1,0,2,0.0
2024-02-14,Ph01_Z01_C01,1062,0.0,0.0,0.0,1.0,0.8571428571428571,1.0,2,0,2,1.0
2024-02-15,Ph01_Z01_C01,1062,1.0,0.0,2.0,2.0,0.7142857142857143,0.9285714285714286,3,0,2,0.0
2024-02-16,Ph01_Z01_C01,1062,0.0,1.0,0.0,2.0,0.7142857142857143,0.7857142857142857,4,0,2,2.0
2024-02-17,Ph01_Z01_C01,1062,2.0,0.0,1.0,1.0,0.8571428571428571,0.8571428571428571,5,1,2,0.0
2024-02-18,Ph01_Z01_C01,1062,0.0,2.0,1.0,1.0,0.7142857142857143,0.7857142857142857,6,1,2,2.0
2024-02-19,Ph01_Z01_C01,1062,2.0,0.0,2.0,0.0,0.7142857142857143,0.9285714285714286,0,0,2,0.0
2024-02-20,Ph01_Z01_C01,1062,0.0,2.0,0.0,2.0,0.7142857142857143,0.7857142857142857,1,0,2,1.0
2024-02-21,Ph01_Z01_C01,1062,1.0,0.0,0.0,0.0,0.8571428571428571,0.8571428571428571,2,0,2,1.0
2024-02-22,Ph01_Z01_C01,1062,1.0,1.0,1.0,2.0,0.8571428571428571,0.7857142857142857,3,0,2,1.0
2024-02-23,Ph01_Z01_C01,1062,1.0,1.0,0.0,0.0,1.0,0.8571428571428571,4,0,2,0.0
2024-02-24,Ph01_Z01_C01,1062,0.0,1.0,2.0,1.0,0.7142857142857143,0.7857142857142857,5,1,2,0.0
2024-02-25,Ph01_Z01_C01,1062,0.0,0.0,0.0,1.0,0.7142857142857143,0.7142857142857143,6,1,2,1.0
2024-02-26,Ph01_Z01_C01,1062,1.0,0.0,2.0,2.0,0.5714285714285714,0.6428571428571429,0,0,2,0.0
2024-02-27,Ph01_Z01_C01,1062,0.0,1.0,0.0,0.0,0.5714285714285714,0.6428571428571429,1,0,2,0.0
2024-02-28,Ph01_Z01_C01,1062,0.0,0.0,1.0,0.0,0.42857142857142855,0.6428571428571429,2,0,2,1.0
2024-02-29,Ph01_Z01_C01,1062,1.0,0.0,1.0,1.0,0.42857142857142855,0.6428571428571429,3,0,2,1.0
2024-03-01,Ph01_Z01_C01,1062,1.0,1.0,1.0,0.0,0.42857142857142855,0.7142857142857143,4,0,3,1.0
2024-03-02,Ph01_Z01_C01,1062,1.0,1.0,0.0,2.0,0.5714285714285714,0.6428571428571429,5,1,3,1.0
2024-03-03,Ph01_Z01_C01,1062,1.0,1.0,0.0,0.0,0.7142857142857143,0.7142857142857143,6,1,3,0.0
2024-03-04,Ph01_Z01_C01,1062,0.0,1.0,1.0,2.0,0.5714285714285714,0.5714285714285714,0,0,3,2.0
2024-03-05,Ph01_Z01_C01,1062,2.0,0.0,0.0,0.0,0.8571428571428571,0.7142857142857143,1,0,3,1.0
2024-03-06,Ph01_Z01_C01,1062,1.0,2.0,0.0,1.0,1.0,0.7142857142857143,2,0,3,1.0
2024-03-07,Ph01_Z01_C01,1062,1.0,1.0,1.0,1.0,1.0,0.7142857142857143,3,0,3,2.0
2024-03-08,Ph01_Z01_C01,1062,2.0,1.0,1.0,1.0,1.1428571428571428,0.7857142857142857,4,0,3,1.0
2024-03-09,Ph01_Z01_C01,1062,1.0,2.0,1.0,0.0,1.1428571428571428,0.8571428571428571,5,1,3,0.0
2024-03-10,Ph01_Z01_C01,1062,0.0,1.0,1.0,0.0,1.0,0.8571428571428571,6,1,3,2.0
2024-03-11,Ph01_Z01_C01,1062,2.0,0.0,0.0,1.0,1.2857142857142858,0.9285714285714286,0,0,3,2.0
2024-03-12,Ph01_Z01_C01,1062,2.0,2.0,2.0,0.0,1.2857142857142858,1.0714285714285714,1,0,3,0.0
2024-03-13,Ph01_Z01_C01,1062,0.0,2.0,1.0,0.0,1.1428571428571428,1.0714285714285714,2,0,3,1.0
2024-03-14,Ph01_Z01_C01,1062,1.0,0.0,1.0,1.0,1.1428571428571428,1.0714285714285714,3,0,3,2.0
2024-03-15,Ph01_Z01_C01,1062,2.0,1.0,2.0,1.0,1.1428571428571428,1.1428571428571428,4,0,3,1.0
2024-03-16,Ph01_Z01_C01,1062,1.0,2.0,1.0,1.0,1.1428571428571428,1.1428571428571428,5,1,3,2.0
2024-03-17,Ph01_Z01_C01,1062,2.0,1.0,0.0,1.0,1.4285714285714286,1.2142857142857142,6,1,3,0.0
2024-03-18,Ph01_Z01_C01,1062,0.0,2.0,2.0,0.0,1.1428571428571428,1.2142857142857142,0,0,3,1.0
2024-03-19,Ph01_Z01_C01,1062,1.0,0.0,2.0,2.0,1.0,1.1428571428571428,1,0,3,0.0
2024-03-20,Ph01_Z01_C01,1062,0.0,1.0,0.0,1.0,1.0,1.0714285714285714,2,0,3,3.0
2024-03-21,Ph01_Z01_C01,1062,3.0,0.0,1.0,1.0,1.2857142857142858,1.2142857142857142,3,0,3,1.0
2024-03-22,Ph01_Z01_C01,1062,1.0,3.0,2.0,2.0,1.1428571428571428,1.1428571428571428,4,0,3,1.0
2024-03-23,Ph01_Z01_C01,1062,1.0,1.0,1.0,1.0,1.1428571428571428,1.1428571428571428,5,1,3,4.0
2024-03-24,Ph01_Z01_C01,1062,4.0,1.0,2.0,0.0,1.4285714285714286,1.4285714285714286,6,1,3,2.0
2024-03-25,Ph01_Z01_C01,1062,2.0,4.0,0.0,2.0,1.7142857142857142,1.4285714285714286,0,0,3,0.0
2024-03-26,Ph01_Z01_C01,1062,0.0,2.0,1.0,2.0,1.5714285714285714,1.2857142857142858,1,0,3,2.0
2024-03-27,Ph01_Z01_C01,1062,2.0,0.0,0.0,0.0,1.8571428571428572,1.4285714285714286,2,0,3,2.0
2024-03-28,Ph01_Z01_C01,1062,2.0,2.0,3.0,1.0,1.7142857142857142,1.5,3,0,3,0.0
2024-03-29,Ph01_Z01_C01,1062,0.0,2.0,1.0,2.0,1.5714285714285714,1.3571428571428572,4,0,3,2.0
2024-03-30,Ph01_Z01_C01,1062,2.0,0.0,1.0,1.0,1.7142857142857142,1.4285714285714286,5,1,3,1.0
2024-03-31,Ph01_Z01_C01,1062,1.0,2.0,4.0,2.0,1.2857142857142858,1.3571428571428572,6,1,3,1.0
2024-04-01,Ph01_Z01_C01,1062,1.0,1.0,2.0,0.0,1.1428571428571428,1.4285714285714286,0,0,4,1.0
2024-04-02,Ph01_Z01_C01,1062,1.0,1.0,0.0,1.0,1.2857142857142858,1.4285714285714286,1,0,4,1.0
2024-04-03,Ph01_Z01_C01,1062,1.0,1.0,2.0,0.0,1.1428571428571428,1.5,2,0,4,0.0
2024-04-04,Ph01_Z01_C01,1062,0.0,1.0,2.0,3.0,0.8571428571428571,1.2857142857142858,3,0,4,0.0
2024-04-05,Ph01_Z01_C01,1062,0.0,0.0,0.0,1.0,0.8571428571428571,1.2142857142857142,4,0,4,2.0
2024-04-06,Ph01_Z01_C01,1062,2.0,0.0,2.0,1.0,0.8571428571428571,1.2857142857142858,5,1,4,2.0
2024-04-07,Ph01_Z01_C01,1062,2.0,2.0,1.0,4.0,1.0,1.1428571428571428,6,1,4,0.0
2024-04-08,Ph01_Z01_C01,1062,0.0,2.0,1.0,2.0,0.8571428571428571,1.0,0,0,4,1.0
2024-04-09,Ph01_Z01_C01,1062,1.0,0.0,1.0,0.0,0.8571428571428571,1.0714285714285714,1,0,4,1.0
2024-04-10,Ph01_Z01_C01,1062,1.0,1.0,1.0,2.0,0.8571428571428571,1.0,2,0,4,0.0
2024-04-11,Ph01_Z01_C01,1062,0.0,1.0,0.0,2.0,0.8571428571428571,0.8571428571428571,3,0,4,1.0
2024-04-12,Ph01_Z01_C01,1062,1.0,0.0,0.0,0.0,1.0,0.9285714285714286,4,0,4,1.0
2024-04-13,Ph01_Z01_C01,1062,1.0,1.0,2.0,2.0,0.8571428571428571,0.8571428571428571,5,1,4,2.0
2024-04-14,Ph01_Z01_C01,1062,2.0,1.0,2.0,1.0,0.8571428571428571,0.9285714285714286,6,1,4,1.0
2024-04-15,Ph01_Z01_C01,1062,1.0,2.0,0.0,1.0,1.0,0.9285714285714286,0,0,4,1.0
2024-04-16,Ph01_Z01_C01,1062,1.0,1.0,1.0,1.0,1.0,0.9285714285714286,1,0,4,1.0
2024-04-17,Ph01_Z01_C01,1062,1.0,1.0,1.0,1.0,1.0,0.9285714285714286,2,0,4,1.0
2024-04-18,Ph01_Z01_C01,1062,1.0,1.0,0.0,0.0,1.1428571428571428,1.0,3,0,4,0.0
2024-04-19,Ph01_Z01_C01,1062,0.0,1.0,1.0,0.0,1.0,1.0,4,0,4,1.0
2024-04-20,Ph01_Z01_C01,1062,1.0,0.0,1.0,2.0,1.0,0.9285714285714286,5,1,4,1.0
2024-04-21,Ph01_Z01_C01,1062,1.0,1.0,2.0,2.0,0.8571428571428571,0.8571428571428571,6,1,4,0.0
2024-04-22,Ph01_Z01_C01,1062,0.0,1.0,1.0,0.0,0.7142857142857143,0.8571428571428571,0,0,4,2.0
2024-04-23,Ph01_Z01_C01,1062,2.0,0.0,1.0,1.0,0.8571428571428571,0.9285714285714286,1,0,4,1.0
2024-04-24,Ph01_Z01_C01,1062,1.0,2.0,1.0,1.0,0.8571428571428571,0.9285714285714286,2,0,4,1.0
2024-04-25,Ph01_Z01_C01,1062,1.0,1.0,1.0,0.0,0.8571428571428571,1.0,3,0,4,2.0
2024-04-26,Ph01_Z01_C01,1062,2.0,1.0,0.0,1.0,1.1428571428571428,1.0714285714285714,4,0,4,0.0
2024-04-27,Ph01_Z01_C01,1062,0.0,2.0,1.0,1.0,1.0,1.0,5,1,4,1.0
2024-04-28,Ph01_Z01_C01,1062,1.0,0.0,1.0,2.0,1.0,0.9285714285714286,6,1,4,0.0
2024-04-29,Ph01_Z01_C01,1062,0.0,1.0,0.0,1.0,1.0,0.8571428571428571,0,0,4,1.0
2024-04-30,Ph01_Z01_C01,1062,1.0,0.0,2.0,1.0,0.8571428571428571,0.8571428571428571,1,0,4,3.0
2024-05-01,Ph01_Z01_C01,1062,3.0,1.0,1.0,1.0,1.1428571428571428,1.0,2,0,5,0.0
2024-05-02,Ph01_Z01_C01,1062,0.0,3.0,1.0,1.0,1.0,0.9285714285714286,3,0,5,5.0
2024-05-03,Ph01_Z01_C01,1062,5.0,0.0,2.0,0.0,1.4285714285714286,1.2857142857142858,4,0,5,0.0
2024-05-04,Ph01_Z01_C01,1062,0.0,5.0,0.0,1.0,1.4285714285714286,1.2142857142857142,5,1,5,2.0
2024-05-05,Ph01_Z01_C01,1062,2.0,0.0,1.0,1.0,1.5714285714285714,1.2857142857142858,6,1,5,0.0
2024-05-06,Ph01_Z01_C01,1062,0.0,2.0,0.0,0.0,1.5714285714285714,1.2857142857142858,0,0,5,0.0
2024-05-07,Ph01_Z01_C01,1062,0.0,0.0,1.0,2.0,1.4285714285714286,1.1428571428571428,1,0,5,2.0
2024-05-08,Ph01_Z01_C01,1062,2.0,0.0,3.0,1.0,1.2857142857142858,1.2142857142857142,2,0,5,0.0
2024-05-09,Ph01_Z01_C01,1062,0.0,2.0,0.0,1.0,1.2857142857142858,1.1428571428571428,3,0,5,1.0
2024-05-10,Ph01_Z01_C01,1062,1.0,0.0,5.0,2.0,0.7142857142857143,1.0714285714285714,4,0,5,2.0
2024-05-11,Ph01_Z01_C01,1062,2.0,1.0,0.0,0.0,1.0,1.2142857142857142,5,1,5,2.0
2024-05-12,Ph01_Z01_C01,1062,2.0,2.0,2.0,1.0,1.0,1.2857142857142858,6,1,5,0.0
2024-05-13,Ph01_Z01_C01,1062,0.0,2.0,0.0,0.0,1.0,1.2857142857142858,0,0,5,2.0
2024-05-14,Ph01_Z01_C01,1062,2.0,0.0,0.0,1.0,1.2857142857142858,1.3571428571428572,1,0,5,1.0
2024-05-15,Ph01_Z01_C01,1062,1.0,2.0,2.0,3.0,1.1428571428571428,1.2142857142857142,2,0,5,2.0
2024-05-16,Ph01_Z01_C01,1062,2.0,1.0,0.0,0.0,1.4285714285714286,1.3571428571428572,3,0,5,2.0
2024-05-17,Ph01_Z01_C01,1062,2.0,2.0,1.0,5.0,1.5714285714285714,1.1428571428571428,4,0,5,0.0
2024-05-18,Ph01_Z01_C01,1062,0.0,2.0,2.0,0.0,1.2857142857142858,1.1428571428571428,5,1,5,0.0
2024-05-19,Ph01_Z01_C01,1062,0.0,0.0,2.0,2.0,1.0,1.0,6,1,5,3.0
2024-05-20,Ph01_Z01_C01,1062,3.0,0.0,0.0,0.0,1.4285714285714286,1.2142857142857142,0,0,5,0.0
2024-05-21,Ph01_Z01_C01,1062,0.0,3.0,2.0,0.0,1.1428571428571428,1.2142857142857142,1,0,5,0.0
2024-05-22,Ph01_Z01_C01,1062,0.0,0.0,1.0,2.0,1.0,1.0714285714285714,2,0,5,2.0
2024-05-23,Ph01_Z01_C01,1062,2.0,0.0,2.0,0.0,1.0,1.2142857142857142,3,0,5,1.0
2024-05-24,Ph01_Z01_C01,1062,1.0,2.0,2.0,1.0,0.8571428571428571,1.2142857142857142,4,0,5,1.0
2024-05-25,Ph01_Z01_C01,1062,1.0,1.0,0.0,2.0,1.0,1.1428571428571428,5,1,5,1.0
2024-05-26,Ph01_Z01_C01,1062,1.0,1.0,0.0,2.0,1.1428571428571428,1.0714285714285714,6,1,5,1.0
2024-05-27,Ph01_Z01_C01,1062,1.0,1.0,3.0,0.0,0.8571428571428571,1.1428571428571428,0,0,5,1.0
2024-05-28,Ph01_Z01_C01,1062,1.0,1.0,0.0,2.0,1.0,1.0714285714285714,1,0,5,1.0
2024-05-29,Ph01_Z01_C01,1062,1.0,1.0,0.0,1.0,1.1428571428571428,1.0714285714285714,2,0,5,2.0
2024-05-30,Ph01_Z01_C01,1062,2.0,1.0,2.0,2.0,1.1428571428571428,1.0714285714285714,3,0,5,0.0
2024-05-31,Ph01_Z01_C01,1062,0.0,2.0,1.0,2.0,1.0,0.9285714285714286,4,0,5,0.0
2024-06-01,Ph01_Z01_C01,1062,0.0,0.0,1.0,0.0,0.8571428571428571,0.9285714285714286,5,1,6,2.0
2024-06-02,Ph01_Z01_C01,1062,2.0,0.0,1.0,0.0,1.0,1.0714285714285714,6,1,6,0.0
2024-06-03,Ph01_Z01_C01,1062,0.0,2.0,1.0,3.0,0.8571428571428571,0.8571428571428571,0,0,6,3.0
2024-06-04,Ph01_Z01_C01,1062,3.0,0.0,1.0,0.0,1.1428571428571428,1.0714285714285714,1,0,6,0.0
2024-06-05,Ph01_Z01_C01,1062,0.0,3.0,1.0,0.0,1.0,1.0714285714285714,2,0,6,2.0
2024-06-06,Ph01_Z01_C01,1062,2.0,0.0,2.0,2.0,1.0,1.0714285714285714,3,0,6,1.0
2024-06-07,Ph01_Z01_C01,1062,1.0,2.0,0.0,1.0,1.1428571428571428,1.0714285714285714,4,0,6,1.0
2024-06-08,Ph01_Z01_C01,1062,1.0,1.0,0.0,1.0,1.2857142857142858,1.0714285714285714,5,1,6,1.0
2024-06-09,Ph01_Z01_C01,1062,1.0,1.0,2.0,1.0,1.1428571428571428,1.0714285714285714,6,1,6,3.0
2024-06-10,Ph01_Z01_C01,1062,3.0,1.0,0.0,1.0,1.5714285714285714,1.2142857142857142,0,0,6,2.0
2024-06-11,Ph01_Z01_C01,1062,2.0,3.0,3.0,1.0,1.4285714285714286,1.2857142857142858,1,0,6,1.0
2024-06-12,Ph01_Z01_C01,1062,1.0,2.0,0.0,1.0,1.5714285714285714,1.2857142857142858,2,0,6,1.0
2024-06-13,Ph01_Z01_C01,1062,1.0,1.0,2.0,2.0,1.4285714285714286,1.2142857142857142,3,0,6,1.0
2024-06-14,Ph01_Z01_C01,1062,1.0,1.0,1.0,0.0,1.4285714285714286,1.2857142857142858,4,0,6,0.0
2024-06-15,Ph01_Z01_C01,1062,0.0,1.0,1.0,0.0,1.2857142857142858,1.2857142857142858,5,1,6,2.0
2024-06-16,Ph01_Z01_C01,1062,2.0,0.0,1.0,2.0,1.4285714285714286,1.2857142857142858,6,1,6,2.0
2024-06-17,Ph01_Z01_C01,1062,2.0,2.0,3.0,0.0,1.2857142857142858,1.4285714285714286,0,0,6,2.0
2024-06-18,Ph01_Z01_C01,1062,2.0,2.0,2.0,3.0,1.2857142857142858,1.3571428571428572,1,0,6,0.0
2024-06-19,Ph01_Z01_C01,1062,0.0,2.0,1.0,0.0,1.1428571428571428,1.3571428571428572,2,0,6,0.0
2024-06-20,Ph01_Z01_C01,1062,0.0,0.0,1.0,2.0,1.0,1.2142857142857142,3,0,6,0.0
2024-06-21,Ph01_Z01_C01,1062,0.0,0.0,1.0,1.0,0.8571428571428571,1.1428571428571428,4,0,6,1.0
2024-06-22,Ph01_Z01_C01,1062,1.0,0.0,0.0,1.0,1.0,1.1428571428571428,5,1,6,1.0
2024-06-23,Ph01_Z01_C01,1062,1.0,1.0,2.0,1.0,0.8571428571428571,1.1428571428571428,6,1,6,0.0
2024-06-24,Ph01_Z01_C01,1062,0.0,1.0,2.0,3.0,0.5714285714285714,0.9285714285714286,0,0,6,1.0
2024-06-25,Ph01_Z01_C01,1062,1.0,0.0,2.0,2.0,0.42857142857142855,0.8571428571428571,1,0,6,1.0
2024-06-26,Ph01_Z01_C01,1062,1.0,1.0,0.0,1.0,0.5714285714285714,0.8571428571428571,2,0,6,0.0
2024-06-27,Ph01_Z01_C01,1062,0.0,1.0,0.0,1.0,0.5714285714285714,0.7857142857142857,3,0,6,1.0
2024-06-28,Ph01_Z01_C01,1062,1.0,0.0,0.0,1.0,0.7142857142857143,0.7857142857142857,4,0,6,2.0
2024-06-29,Ph01_Z01_C01,1062,2.0,1.0,1.0,0.0,0.8571428571428571,0.9285714285714286,5,1,6,2.0
2024-06-30,Ph01_Z01_C01,1062,2.0,2.0,1.0,2.0,1.0,0.9285714285714286,6,1,6,1.0
2024-07-01,Ph01_Z01_C01,1062,1.0,2.0,0.0,2.0,1.1428571428571428,0.8571428571428571,0,0,7,2.0
2024-07-02,Ph01_Z01_C01,1062,2.0,1.0,1.0,2.0,1.2857142857142858,0.8571428571428571,1,0,7,2.0
2024-07-03,Ph01_Z01_C01,1062,2.0,2.0,1.0,0.0,1.4285714285714286,1.0,2,0,7,0.0
2024-07-04,Ph01_Z01_C01,1062,0.0,2.0,0.0,0.0,1.4285714285714286,1.0,3,0,7,2.0
2024-07-05,Ph01_Z01_C01,1062,2.0,0.0,1.0,0.0,1.5714285714285714,1.1428571428571428,4,0,7,4.0
2024-07-06,Ph01_Z01_C01,1062,4.0,2.0,2.0,1.0,1.8571428571428572,1.3571428571428572,5,1,7,2.0
2024-07-07,Ph01_Z01_C01,1062,2.0,4.0,2.0,1.0,1.8571428571428572,1.4285714285714286,6,1,7,0.0
2024-07-08,Ph01_Z01_C01,1062,0.0,2.0,1.0,0.0,1.7142857142857142,1.4285714285714286,0,0,7,2.0
2024-07-09,Ph01_Z01_C01,1062,2.0,0.0,2.0,1.0,1.7142857142857142,1.5,1,0,7,0.0
2024-07-10,Ph01_Z01_C01,1062,0.0,2.0,2.0,1.0,1.4285714285714286,1.4285714285714286,2,0,7,1.0
2024-07-11,Ph01_Z01_C01,1062,1.0,0.0,0.0,0.0,1.5714285714285714,1.5,3,0,7,2.0
2024-07-12,Ph01_Z01_C01,1062,2.0,1.0,2.0,1.0,1.5714285714285714,1.5714285714285714,4,0,7,2.0
2024-07-13,Ph01_Z01_C01,1062,2.0,2.0,4.0,2.0,1.2857142857142858,1.5714285714285714,5,1,7,0.0
2024-07-14,Ph01_Z01_C01,1062,0.0,2.0,2.0,2.0,1.0,1.4285714285714286,6,1,7,2.0
2024-07-15,Ph01_Z01_C01,1062,2.0,0.0,0.0,1.0,1.2857142857142858,1.5,0,0,7,3.0
2024-07-16,Ph01_Z01_C01,1062,3.0,2.0,2.0,2.0,1.4285714285714286,1.5714285714285714,1,0,7,1.0
2024-07-17,Ph01_Z01_C01,1062,1.0,3.0,0.0,2.0,1.5714285714285714,1.5,2,0,7,2.0
2024-07-18,Ph01_Z01_C01,1062,2.0,1.0,1.0,0.0,1.7142857142857142,1.6428571428571428,3,0,7,3.0
2024-07-19,Ph01_Z01_C01,1062,3.0,2.0,2.0,2.0,1.8571428571428572,1.7142857142857142,4,0,7,1.0
2024-07-20,Ph01_Z01_C01,1062,1.0,3.0,2.0,4.0,1.7142857142857142,1.5,5,1,7,4.0
2024-07-21,Ph01_Z01_C01,1062,4.0,1.0,0.0,2.0,2.2857142857142856,1.6428571428571428,6,1,7,0.0
2024-07-22,Ph01_Z01_C01,1062,0.0,4.0,2.0,0.0,2.0,1.6428571428571428,0,0,7,1.0
2024-07-23,Ph01_Z01_C01,1062,1.0,0.0,3.0,2.0,1.7142857142857142,1.5714285714285714,1,0,7,3.0
2024-07-24,Ph01_Z01_C01,1062,3.0,1.0,1.0,0.0,2.0,1.7857142857142858,2,0,7,0.0
2024-07-25,Ph01_Z01_C01,1062,0.0,3.0,2.0,1.0,1.7142857142857142,1.7142857142857142,3,0,7,1.0
2024-07-26,Ph01_Z01_C01,1062,1.0,0.0,3.0,2.0,1.4285714285714286,1.6428571428571428,4,0,7,2.0
2024-07-27,Ph01_Z01_C01,1062,2.0,1.0,1.0,2.0,1.5714285714285714,1.6428571428571428,5,1,7,0.0
2024-07-28,Ph01_Z01_C01,1062,0.0,2.0,4.0,0.0,1.0,1.6428571428571428,6,1,7,0.0
2024-07-29,Ph01_Z01_C01,1062,0.0,0.0,0.0,2.0,1.0,1.5,0,0,7,1.0
2024-07-30,Ph01_Z01_C01,1062,1.0,0.0,1.0,3.0,1.0,1.3571428571428572,1,0,7,2.0
2024-07-31,Ph01_Z01_C01,1062,2.0,1.0,3.0,1.0,0.8571428571428571,1.4285714285714286,2,0,7,0.0
2024-08-01,Ph01_Z01_C01,1062,0.0,2.0,0.0,2.0,0.8571428571428571,1.2857142857142858,3,0,8,0.0
2024-08-02,Ph01_Z01_C01,1062,0.0,0.0,1.0,3.0,0.7142857142857143,1.0714285714285714,4,0,8,0.0
2024-08-03,Ph01_Z01_C01,1062,0.0,0.0,2.0,1.0,0.42857142857142855,1.0,5,1,8,2.0
2024-08-04,Ph01_Z01_C01,1062,2.0,0.0,0.0,4.0,0.7142857142857143,0.8571428571428571,6,1,8,0.0
2024-08-05,Ph01_Z01_C01,1062,0.0,2.0,0.0,0.0,0.7142857142857143,0.8571428571428571,0,0,8,0.0
2024-08-06,Ph01_Z01_C01,1062,0.0,0.0,1.0,1.0,0.5714285714285714,0.7857142857142857,1,0,8,1.0
2024-08-07,Ph01_Z01_C01,1062,1.0,0.0,2.0,3.0,0.42857142857142855,0.6428571428571429,2,0,8,1.0
2024-08-08,Ph01_Z01_C01,1062,1.0,1.0,0.0,0.0,0.5714285714285714,0.7142857142857143,3,0,8,0.0
2024-08-09,Ph01_Z01_C01,1062,0.0,1.0,0.0,1.0,0.5714285714285714,0.6428571428571429,4,0,8,0.0
2024-08-10,Ph01_Z01_C01,1062,0.0,0.0,0.0,2.0,0.5714285714285714,0.5,5,1,8,0.0
2024-08-11,Ph01_Z01_C01,1062,0.0,0.0,2.0,0.0,0.2857142857142857,0.5,6,1,8,2.0
2024-08-12,Ph01_Z01_C01,1062,2.0,0.0,0.0,0.0,0.5714285714285714,0.6428571428571429,0,0,8,0.0
2024-08-13,Ph01_Z01_C01,1062,0.0,2.0,0.0,1.0,0.5714285714285714,0.5714285714285714,1,0,8,1.0
2024-08-14,Ph01_Z01_C01,1062,1.0,0.0,1.0,2.0,0.5714285714285714,0.5,2,0,8,1.0
2024-08-15,Ph01_Z01_C01,1062,1.0,1.0,1.0,0.0,0.5714285714285714,0.5714285714285714,3,0,8,2.0
2024-08-16,Ph01_Z01_C01,1062,2.0,1.0,0.0,0.0,0.8571428571428571,0.7142857142857143,4,0,8,3.0
2024-08-17,Ph01_Z01_C01,1062,3.0,2.0,0.0,0.0,1.2857142857142858,0.9285714285714286,5,1,8,2.0
2024-08-18,Ph01_Z01_C01,1062,2.0,3.0,0.0,2.0,1.5714285714285714,0.9285714285714286,6,1,8,1.0
2024-08-19,Ph01_Z01_C01,1062,1.0,2.0,2.0,0.0,1.4285714285714286,1.0,0,0,8,1.0
2024-08-20,Ph01_Z01_C01,1062,1.0,1.0,0.0,0.0,1.5714285714285714,1.0714285714285714,1,0,8,0.0
2024-08-21,Ph01_Z01_C01,1062,0.0,1.0,1.0,1.0,1.4285714285714286,1.0,2,0,8,1.0
2024-08-22,Ph01_Z01_C01,1062,1.0,0.0,1.0,1.0,1.4285714285714286,1.0,3,0,8,0.0
2024-08-23,Ph01_Z01_C01,1062,0.0,1.0,2.0,0.0,1.1428571428571428,1.0,4,0,8,2.0
2024-08-24,Ph01_Z01_C01,1062,2.0,0.0,3.0,0.0,1.0,1.1428571428571428,5,1,8,1.0
2024-08-25,Ph01_Z01_C01,1062,1.0,2.0,2.0,0.0,0.8571428571428571,1.2142857142857142,6,1,8,1.0
2024-08-26,Ph01_Z01_C01,1062,1.0,1.0,1.0,2.0,0.8571428571428571,1.1428571428571428,0,0,8,1.0
2024-08-27,Ph01_Z01_C01,1062,1.0,1.0,1.0,0.0,0.8571428571428571,1.2142857142857142,1,0,8,3.0
2024-08-28,Ph01_Z01_C01,1062,3.0,1.0,0.0,1.0,1.2857142857142858,1.3571428571428572,2,0,8,6.0
2024-08-29,Ph01_Z01_C01,1062,6.0,3.0,1.0,1.0,2.0,1.7142857142857142,3,0,8,0.0
2024-08-30,Ph01_Z01_C01,1062,0.0,6.0,0.0,2.0,2.0,1.5714285714285714,4,0,8,1.0
2024-08-31,Ph01_Z01_C01,1062,1.0,0.0,2.0,3.0,1.8571428571428572,1.4285714285714286,5,1,8,1.0
2024-09-01,Ph01_Z01_C01,1062,1.0,1.0,1.0,2.0,1.8571428571428572,1.3571428571428572,6,1,9,1.0
2024-09-02,Ph01_Z01_C01,1062,1.0,1.0,1.0,1.0,1.8571428571428572,1.3571428571428572,0,0,9,0.0
2024-09-03,Ph01_Z01_C01,1062,0.0,1.0,1.0,1.0,1.7142857142857142,1.2857142857142858,1,0,9,1.0
2024-09-04,Ph01_Z01_C01,1062,1.0,0.0,3.0,0.0,1.4285714285714286,1.3571428571428572,2,0,9,2.0
2024-09-05,Ph01_Z01_C01,1062,2.0,1.0,6.0,1.0,0.8571428571428571,1.4285714285714286,3,0,9,2.0
2024-09-06,Ph01_Z01_C01,1062,2.0,2.0,0.0,0.0,1.1428571428571428,1.5714285714285714,4,0,9,1.0
2024-09-07,Ph01_Z01_C01,1062,1.0,2.0,1.0,2.0,1.1428571428571428,1.5,5,1,9,0.0
2024-09-08,Ph01_Z01_C01,1062,0.0,1.0,1.0,1.0,1.0,1.4285714285714286,6,1,9,0.0
2024-09-09,Ph01_Z01_C01,1062,0.0,0.0,1.0,1.0,0.8571428571428571,1.3571428571428572,0,0,9,0.0
2024-09-10,Ph01_Z01_C01,1062,0.0,0.0,0.0,1.0,0.8571428571428571,1.2857142857142858,1,0,9,0.0
2024-09-11,Ph01_Z01_C01,1062,0.0,0.0,1.0,3.0,0.7142857142857143,1.0714285714285714,2,0,9,0.0
2024-09-12,Ph01_Z01_C01,1062,0.0,0.0,2.0,6.0,0.42857142857142855,0.6428571428571429,3,0,9,0.0
2024-09-13,Ph01_Z01_C01,1062,0.0,0.0,2.0,0.0,0.14285714285714285,0.6428571428571429,4,0,9,1.0
2024-09-14,Ph01_Z01_C01,1062,1.0,0.0,1.0,1.0,0.14285714285714285,0.6428571428571429,5,1,9,0.0
2024-09-15,Ph01_Z01_C01,1062,0.0,1.0,0.0,1.0,0.14285714285714285,0.5714285714285714,6,1,9,0.0
2024-09-16,Ph01_Z01_C01,1062,0.0,0.0,0.0,1.0,0.14285714285714285,0.5,0,0,9,2.0
2024-09-17,Ph01_Z01_C01,1062,2.0,0.0,0.0,0.0,0.42857142857142855,0.6428571428571429,1,0,9,0.0
2024-09-18,Ph01_Z01_C01,1062,0.0,2.0,0.0,1.0,0.42857142857142855,0.5714285714285714,2,0,9,1.0
2024-09-19,Ph01_Z01_C01,1062,1.0,0.0,0.0,2.0,0.5714285714285714,0.5,3,0,9,0.0
2024-09-20,Ph01_Z01_C01,1062,0.0,1.0,0.0,2.0,0.5714285714285714,0.35714285714285715,4,0,9,1.0
2024-09-21,Ph01_Z01_C01,1062,1.0,0.0,1.0,1.0,0.5714285714285714,0.35714285714285715,5,1,9,0.0
2024-09-22,Ph01_Z01_C01,1062,0.0,1.0,0.0,0.0,0.5714285714285714,0.35714285714285715,6,1,9,0.0
2024-09-23,Ph01_Z01_C01,1062,0.0,0.0,0.0,0.0,0.5714285714285714,0.35714285714285715,0,0,9,1.0
2024-09-24,Ph01_Z01_C01,1062,1.0,0.0,2.0,0.0,0.42857142857142855,0.42857142857142855,1,0,9,1.0
2024-09-25,Ph01_Z01_C01,1062,1.0,1.0,0.0,0.0,0.5714285714285714,0.5,2,0,9,3.0
2024-09-26,Ph01_Z01_C01,1062,3.0,1.0,1.0,0.0,0.8571428571428571,0.7142857142857143,3,0,9,1.0
2024-09-27,Ph01_Z01_C01,1062,1.0,3.0,0.0,0.0,1.0,0.7857142857142857,4,0,9,0.0
2024-09-28,Ph01_Z01_C01,1062,0.0,1.0,1.0,1.0,0.8571428571428571,0.7142857142857143,5,1,9,3.0
2024-09-29,Ph01_Z01_C01,1062,3.0,0.0,0.0,0.0,1.2857142857142858,0.9285714285714286,6,1,9,2.0
2024-09-30,Ph01_Z01_C01,1062,2.0,3.0,0.0,0.0,1.5714285714285714,1.0714285714285714,0,0,9,0.0
2024-10-01,Ph01_Z01_C01,1062,0.0,2.0,1.0,2.0,1.4285714285714286,0.9285714285714286,1,0,10,2.0
2024-10-02,Ph01_Z01_C01,1062,2.0,0.0,1.0,0.0,1.5714285714285714,1.0714285714285714,2,0,10,1.0
2024-10-03,Ph01_Z01_C01,1062,1.0,2.0,3.0,1.0,1.2857142857142858,1.0714285714285714,3,0,10,1.0
2024-10-04,Ph01_Z01_C01,1062,1.0,1.0,1.0,0.0,1.2857142857142858,1.1428571428571428,4,0,10,1.0
2024-10-05,Ph01_Z01_C01,1062,1.0,1.0,0.0,1.0,1.4285714285714286,1.1428571428571428,5,1,10,0.0
2024-10-06,Ph01_Z01_C01,1062,0.0,1.0,3.0,0.0,1.0,1.1428571428571428,6,1,10,0.0
2024-10-07,Ph01_Z01_C01,1062,0.0,0.0,2.0,0.0,0.7142857142857143,1.1428571428571428,0,0,10,2.0
2024-10-08,Ph01_Z01_C01,1062,2.0,0.0,0.0,1.0,1.0,1.2142857142857142,1,0,10,0.0
2024-10-09,Ph01_Z01_C01,1062,0.0,2.0,2.0,1.0,0.7142857142857143,1.1428571428571428,2,0,10,1.0
2024-10-10,Ph01_Z01_C01,1062,1.0,0.0,1.0,3.0,0.7142857142857143,1.0,3,0,10,4.0
2024-10-11,Ph01_Z01_C01,1062,4.0,1.0,1.0,1.0,1.1428571428571428,1.2142857142857142,4,0,10,0.0
2024-10-12,Ph01_Z01_C01,1062,0.0,4.0,1.0,0.0,1.0,1.2142857142857142,5,1,10,1.0
2024-10-13,Ph01_Z01_C01,1062,1.0,0.0,0.0,3.0,1.1428571428571428,1.0714285714285714,6,1,10,1.0
2024-10-14,Ph01_Z01_C01,1062,1.0,1.0,0.0,2.0,1.2857142857142858,1.0,0,0,10,3.0
2024-10-15,Ph01_Z01_C01,1062,3.0,1.0,2.0,0.0,1.4285714285714286,1.2142857142857142,1,0,10,3.0
2024-10-16,Ph01_Z01_C01,1062,3.0,3.0,0.0,2.0,1.8571428571428572,1.2857142857142858,2,0,10,1.0
2024-10-17,Ph01_Z01_C01,1062,1.0,3.0,1.0,1.0,1.8571428571428572,1.2857142857142858,3,0,10,0.0
2024-10-18,Ph01_Z01_C01,1062,0.0,1.0,4.0,1.0,1.2857142857142858,1.2142857142857142,4,0,10,1.0
2024-10-19,Ph01_Z01_C01,1062,1.0,0.0,0.0,1.0,1.4285714285714286,1.2142857142857142,5,1,10,1.0
2024-10-20,Ph01_Z01_C01,1062,1.0,1.0,1.0,0.0,1.4285714285714286,1.2857142857142858,6,1,10,1.0
2024-10-21,Ph01_Z01_C01,1062,1.0,1.0,1.0,0.0,1.4285714285714286,1.3571428571428572,0,0,10,1.0
2024-10-22,Ph01_Z01_C01,1062,1.0,1.0,3.0,2.0,1.1428571428571428,1.2857142857142858,1,0,10,0.0
2024-10-23,Ph01_Z01_C01,1062,0.0,1.0,3.0,0.0,0.7142857142857143,1.2857142857142858,2,0,10,1.0
2024-10-24,Ph01_Z01_C01,1062,1.0,0.0,1.0,1.0,0.7142857142857143,1.2857142857142858,3,0,10,0.0
2024-10-25,Ph01_Z01_C01,1062,0.0,1.0,0.0,4.0,0.7142857142857143,1.0,4,0,10,4.0
2024-10-26,Ph01_Z01_C01,1062,4.0,0.0,1.0,0.0,1.1428571428571428,1.2857142857142858,5,1,10,4.0
2024-10-27,Ph01_Z01_C01,1062,4.0,4.0,1.0,1.0,1.5714285714285714,1.5,6,1,10,1.0
2024-10-28,Ph01_Z01_C01,1062,1.0,4.0,1.0,1.0,1.5714285714285714,1.5,0,0,10,1.0
2024-10-29,Ph01_Z01_C01,1062,1.0,1.0,1.0,3.0,1.5714285714285714,1.3571428571428572,1,0,10,2.0
2024-10-30,Ph01_Z01_C01,1062,2.0,1.0,0.0,3.0,1.8571428571428572,1.2857142857142858,2,0,10,0.0
2024-10-31,Ph01_Z01_C01,1062,0.0,2.0,1.0,1.0,1.7142857142857142,1.2142857142857142,3,0,10,1.0
2024-01-02,Ph01_Z01_C01,1063,2.0,0.0,0.0,0.0,2.0,2.0,1,0,1,1.0
2024-01-03,Ph01_Z01_C01,1063,1.0,2.0,0.0,0.0,1.5,1.5,2,0,1,5.0
2024-01-04,Ph01_Z01_C01,1063,5.0,1.0,0.0,0.0,2.6666666666666665,2.6666666666666665,3,0,1,0.0
2024-01-05,Ph01_Z01_C01,1063,0.0,5.0,0.0,0.0,2.0,2.0,4,0,1,1.0
2024-01-06,Ph01_Z01_C01,1063,1.0,0.0,0.0,0.0,1.8,1.8,5,1,1,3.0
2024-01-07,Ph01_Z01_C01,1063,3.0,1.0,0.0,0.0,2.0,2.0,6,1,1,2.0
2024-01-08,Ph01_Z01_C01,1063,2.0,3.0,0.0,0.0,2.0,2.0,0,0,1,1.0
2024-01-09,Ph01_Z01_C01,1063,1.0,2.0,2.0,0.0,1.8571428571428572,1.875,1,0,1,0.0
2024-01-10,Ph01_Z01_C01,1063,0.0,1.0,1.0,0.0,1.7142857142857142,1.6666666666666667,2,0,1,0.0
2024-01-11,Ph01_Z01_C01,1063,0.0,0.0,5.0,0.0,1.0,1.5,3,0,1,1.0
2024-01-12,Ph01_Z01_C01,1063,1.0,0.0,0.0,0.0,1.1428571428571428,1.4545454545454546,4,0,1,1.0
2024-01-13,Ph01_Z01_C01,1063,1.0,1.0,1.0,0.0,1.1428571428571428,1.4166666666666667,5,1,1,3.0
2024-01-14,Ph01_Z01_C01,1063,3.0,1.0,3.0,0.0,1.1428571428571428,1.5384615384615385,6,1,1,0.0
2024-01-15,Ph01_Z01_C01,1063,0.0,3.0,2.0,0.0,0.8571428571428571,1.4285714285714286,0,0,1,0.0
2024-01-16,Ph01_Z01_C01,1063,0.0,0.0,1.0,2.0,0.7142857142857143,1.2857142857142858,1,0,1,1.0
2024-01-17,Ph01_Z01_C01,1063,1.0,0.0,0.0,1.0,0.8571428571428571,1.2857142857142858,2,0,1,4.0
2024-01-18,Ph01_Z01_C01,1063,4.0,1.0,0.0,5.0,1.4285714285714286,1.2142857142857142,3,0,1,1.0
2024-01-19,Ph01_Z01_C01,1063,1.0,4.0,1.0,0.0,1.4285714285714286,1.2857142857142858,4,0,1,1.0
2024-01-20,Ph01_Z01_C01,1063,1.0,1.0,1.0,1.0,1.4285714285714286,1.2857142857142858,5,1,1,3.0
2024-01-21,Ph01_Z01_C01,1063,3.0,1.0,3.0,3.0,1.4285714285714286,1.2857142857142858,6,1,1,1.0
2024-01-22,Ph01_Z01_C01,1063,1.0,3.0,0.0,2.0,1.5714285714285714,1.2142857142857142,0,0,1,1.0
2024-01-23,Ph01_Z01_C01,1063,1.0,1.0,0.0,1.0,1.7142857142857142,1.2142857142857142,1,0,1,3.0
2024-01-24,Ph01_Z01_C01,1063,3.0,1.0,1.0,0.0,2.0,1.4285714285714286,2,0,1,0.0
2024-01-25,Ph01_Z01_C01,1063,0.0,3.0,4.0,0.0,1.4285714285714286,1.4285714285714286,3,0,1,0.0
2024-01-26,Ph01_Z01_C01,1063,0.0,0.0,1.0,1.0,1.2857142857142858,1.3571428571428572,4,0,1,1.0
2024-01-27,Ph01_Z01_C01,1063,1.0,0.0,1.0,1.0,1.2857142857142858,1.3571428571428572,5,1,1,1.0
2024-01-28,Ph01_Z01_C01,1063,1.0,1.0,3.0,3.0,1.0,1.2142857142857142,6,1,1,3.0
2024-01-29,Ph01_Z01_C01,1063,3.0,1.0,1.0,0.0,1.2857142857142858,1.4285714285714286,0,0,1,3.0
2024-01-30,Ph01_Z01_C01,1063,3.0,3.0,1.0,0.0,1.5714285714285714,1.6428571428571428,1,0,1,3.0
2024-01-31,Ph01_Z01_C01,1063,3.0,3.0,3.0,1.0,1.5714285714285714,1.7857142857142858,2,0,1,2.0
2024-02-01,Ph01_Z01_C01,1063,2.0,3.0,0.0,4.0,1.8571428571428572,1.6428571428571428,3,0,2,3.0
2024-02-02,Ph01_Z01_C01,1063,3.0,2.0,0.0,1.0,2.2857142857142856,1.7857142857142858,4,0,2,3.0
2024-02-03,Ph01_Z01_C01,1063,3.0,3.0,1.0,1.0,2.5714285714285716,1.9285714285714286,5,1,2,3.0
2024-02-04,Ph01_Z01_C01,1063,3.0,3.0,1.0,3.0,2.857142857142857,1.9285714285714286,6,1,2,0.0
2024-02-05,Ph01_Z01_C01,1063,0.0,3.0,3.0,1.0,2.4285714285714284,1.8571428571428572,0,0,2,2.0
2024-02-06,Ph01_Z01_C01,1063,2.0,0.0,3.0,1.0,2.2857142857142856,1.9285714285714286,1,0,2,0.0
2024-02-07,Ph01_Z01_C01,1063,0.0,2.0,3.0,3.0,1.8571428571428572,1.7142857142857142,2,0,2,2.0
2024-02-08,Ph01_Z01_C01,1063,2.0,0.0,2.0,0.0,1.8571428571428572,1.8571428571428572,3,0,2,1.0
2024-02-09,Ph01_Z01_C01,1063,1.0,2.0,3.0,0.0,1.5714285714285714,1.9285714285714286,4,0,2,2.0
2024-02-10,Ph01_Z01_C01,1063,2.0,1.0,3.0,1.0,1.4285714285714286,2.0,5,1,2,0.0
2024-02-11,Ph01_Z01_C01,1063,0.0,2.0,3.0,1.0,1.0,1.9285714285714286,6,1,2,2.0
2024-02-12,Ph01_Z01_C01,1063,2.0,0.0,0.0,3.0,1.2857142857142858,1.8571428571428572,0,0,2,0.0
2024-02-13,Ph01_Z01_C01,1063,0.0,2.0,2.0,3.0,1.0,1.6428571428571428,1,0,2,0.0
2024-02-14,Ph01_Z01_C01,1063,0.0,0.0,0.0,3.0,1.0,1.4285714285714286,2,0,2,1.0
2024-02-15,Ph01_Z01_C01,1063,1.0,0.0,2.0,2.0,0.8571428571428571,1.3571428571428572,3,0,2,0.0
2024-02-16,Ph01_Z01_C01,1063,0.0,1.0,1.0,3.0,0.7142857142857143,1.1428571428571428,4,0,2,1.0
2024-02-17,Ph01_Z01_C01,1063,1.0,0.0,2.0,3.0,0.5714285714285714,1.0,5,1,2,0.0
2024-02-18,Ph01_Z01_C01,1063,0.0,1.0,0.0,3.0,0.5714285714285714,0.7857142857142857,6,1,2,2.0
2024-02-19,Ph01_Z01_C01,1063,2.0,0.0,2.0,0.0,0.5714285714285714,0.9285714285714286,0,0,2,2.0
2024-02-20,Ph01_Z01_C01,1063,2.0,2.0,0.0,2.0,0.8571428571428571,0.9285714285714286,1,0,2,2.0
2024-02-21,Ph01_Z01_C01,1063,2.0,2.0,0.0,0.0,1.1428571428571428,1.0714285714285714,2,0,2,1.0
2024-02-22,Ph01_Z01_C01,1063,1.0,2.0,1.0,2.0,1.1428571428571428,1.0,3,0,2,3.0
2024-02-23,Ph01_Z01_C01,1063,3.0,1.0,0.0,1.0,1.5714285714285714,1.1428571428571428,4,0,2,0.0
2024-02-24,Ph01_Z01_C01,1063,0.0,3.0,1.0,2.0,1.4285714285714286,1.0,5,1,2,1.0
2024-02-25,Ph01_Z01_C01,1063,1.0,0.0,0.0,0.0,1.5714285714285714,1.0714285714285714,6,1,2,1.0
2024-02-26,Ph01_Z01_C01,1063,1.0,1.0,2.0,2.0,1.4285714285714286,1.0,0,0,2,1.0
2024-02-27,Ph01_Z01_C01,1063,1.0,1.0,2.0,0.0,1.2857142857142858,1.0714285714285714,1,0,2,1.0
2024-02-28,Ph01_Z01_C01,1063,1.0,1.0,2.0,0.0,1.1428571428571428,1.1428571428571428,2,0,2,2.0
2024-02-29,Ph01_Z01_C01,1063,2.0,1.0,1.0,1.0,1.2857142857142858,1.2142857142857142,3,0,2,2.0
2024-03-01,Ph01_Z01_C01,1063,2.0,2.0,3.0,0.0,1.1428571428571428,1.3571428571428572,4,0,3,1.0
2024-03-02,Ph01_Z01_C01,1063,1.0,2.0,0.0,1.0,1.2857142857142858,1.3571428571428572,5,1,3,4.0
2024-03-03,Ph01_Z01_C01,1063,4.0,1.0,1.0,0.0,1.7142857142857142,1.6428571428571428,6,1,3,2.0
2024-03-04,Ph01_Z01_C01,1063,2.0,4.0,1.0,2.0,1.8571428571428572,1.6428571428571428,0,0,3,1.0
2024-03-05,Ph01_Z01_C01,1063,1.0,2.0,1.0,2.0,1.8571428571428572,1.5714285714285714,1,0,3,1.0
2024-03-06,Ph01_Z01_C01,1063,1.0,1.0,1.0,2.0,1.8571428571428572,1.5,2,0,3,2.0
2024-03-07,Ph01_Z01_C01,1063,2.0,1.0,2.0,1.0,1.8571428571428572,1.5714285714285714,3,0,3,3.0
2024-03-08,Ph01_Z01_C01,1063,3.0,2.0,2.0,3.0,2.0,1.5714285714285714,4,0,3,2.0
2024-03-09,Ph01_Z01_C01,1063,2.0,3.0,1.0,0.0,2.142857142857143,1.7142857142857142,5,1,3,2.0
2024-03-10,Ph01_Z01_C01,1063,2.0,2.0,4.0,1.0,1.8571428571428572,1.7857142857142858,6,1,3,3.0
2024-03-11,Ph01_Z01_C01,1063,3.0,2.0,2.0,1.0,2.0,1.9285714285714286,0,0,3,4.0
2024-03-12,Ph01_Z01_C01,1063,4.0,3.0,1.0,1.0,2.4285714285714284,2.142857142857143,1,0,3,1.0
2024-03-13,Ph01_Z01_C01,1063,1.0,4.0,1.0,1.0,2.4285714285714284,2.142857142857143,2,0,3,0.0
2024-03-14,Ph01_Z01_C01,1063,0.0,1.0,2.0,2.0,2.142857142857143,2.0,3,0,3,1.0
2024-03-15,Ph01_Z01_C01,1063,1.0,0.0,3.0,2.0,1.8571428571428572,1.9285714285714286,4,0,3,0.0
2024-03-16,Ph01_Z01_C01,1063,0.0,1.0,2.0,1.0,1.5714285714285714,1.8571428571428572,5,1,3,1.0
2024-03-17,Ph01_Z01_C01,1063,1.0,0.0,2.0,4.0,1.4285714285714286,1.6428571428571428,6,1,3,3.0
2024-03-18,Ph01_Z01_C01,1063,3.0,1.0,3.0,2.0,1.4285714285714286,1.7142857142857142,0,0,3,1.0
2024-03-19,Ph01_Z01_C01,1063,1.0,3.0,4.0,1.0,1.0,1.7142857142857142,1,0,3,1.0
2024-03-20,Ph01_Z01_C01,1063,1.0,1.0,1.0,1.0,1.0,1.7142857142857142,2,0,3,2.0
2024-03-21,Ph01_Z01_C01,1063,2.0,1.0,0.0,2.0,1.2857142857142858,1.7142857142857142,3,0,3,2.0
2024-03-22,Ph01_Z01_C01,1063,2.0,2.0,1.0,3.0,1.4285714285714286,1.6428571428571428,4,0,3,0.0
2024-03-23,Ph01_Z01_C01,1063,0.0,2.0,0.0,2.0,1.4285714285714286,1.5,5,1,3,3.0
2024-03-24,Ph01_Z01_C01,1063,3.0,0.0,1.0,2.0,1.7142857142857142,1.5714285714285714,6,1,3,3.0
2024-03-25,Ph01_Z01_C01,1063,3.0,3.0,3.0,3.0,1.7142857142857142,1.5714285714285714,0,0,3,1.0
2024-03-26,Ph01_Z01_C01,1063,1.0,3.0,1.0,4.0,1.7142857142857142,1.3571428571428572,1,0,3,2.0
2024-03-27,Ph01_Z01_C01,1063,2.0,1.0,1.0,1.0,1.8571428571428572,1.4285714285714286,2,0,3,3.0
2024-03-28,Ph01_Z01_C01,1063,3.0,2.0,2.0,0.0,2.0,1.6428571428571428,3,0,3,1.0
2024-03-29,Ph01_Z01_C01,1063,1.0,3.0,2.0,1.0,1.8571428571428572,1.6428571428571428,4,0,3,1.0
2024-03-30,Ph01_Z01_C01,1063,1.0,1.0,0.0,0.0,2.0,1.7142857142857142,5,1,3,0.0
2024-03-31,Ph01_Z01_C01,1063,0.0,1.0,3.0,1.0,1.5714285714285714,1.6428571428571428,6,1,3,0.0
2024-04-01,Ph01_Z01_C01,1063,0.0,0.0,3.0,3.0,1.1428571428571428,1.4285714285714286,0,0,4,1.0
2024-04-02,Ph01_Z01_C01,1063,1.0,0.0,1.0,1.0,1.1428571428571428,1.4285714285714286,1,0,4,1.0
2024-04-03,Ph01_Z01_C01,1063,1.0,1.0,2.0,1.0,1.0,1.4285714285714286,2,0,4,2.0
2024-04-04,Ph01_Z01_C01,1063,2.0,1.0,3.0,2.0,0.8571428571428571,1.4285714285714286,3,0,4,1.0
2024-04-05,Ph01_Z01_C01,1063,1.0,2.0,1.0,2.0,0.8571428571428571,1.3571428571428572,4,0,4,2.0
2024-04-06,Ph01_Z01_C01,1063,2.0,1.0,1.0,0.0,1.0,1.5,5,1,4,1.0
2024-04-07,Ph01_Z01_C01,1063,1.0,2.0,0.0,3.0,1.1428571428571428,1.3571428571428572,6,1,4,1.0
2024-04-08,Ph01_Z01_C01,1063,1.0,1.0,0.0,3.0,1.2857142857142858,1.2142857142857142,0,0,4,1.0
2024-04-09,Ph01_Z01_C01,1063,1.0,1.0,1.0,1.0,1.2857142857142858,1.2142857142857142,1,0,4,2.0
2024-04-10,Ph01_Z01_C01,1063,2.0,1.0,1.0,2.0,1.4285714285714286,1.2142857142857142,2,0,4,0.0
2024-04-11,Ph01_Z01_C01,1063,0.0,2.0,2.0,3.0,1.1428571428571428,1.0,3,0,4,1.0
2024-04-12,Ph01_Z01_C01,1063,1.0,0.0,1.0,1.0,1.1428571428571428,1.0,4,0,4,1.0
2024-04-13,Ph01_Z01_C01,1063,1.0,1.0,2.0,1.0,1.0,1.0,5,1,4,2.0
2024-04-14,Ph01_Z01_C01,1063,2.0,1.0,1.0,0.0,1.1428571428571428,1.1428571428571428,6,1,4,3.0
2024-04-15,Ph01_Z01_C01,1063,3.0,2.0,1.0,0.0,1.4285714285714286,1.3571428571428572,0,0,4,0.0
2024-04-16,Ph01_Z01_C01,1063,0.0,3.0,1.0,1.0,1.2857142857142858,1.2857142857142858,1,0,4,1.0
2024-04-17,Ph01_Z01_C01,1063,1.0,0.0,2.0,1.0,1.1428571428571428,1.2857142857142858,2,0,4,0.0
2024-04-18,Ph01_Z01_C01,1063,0.0,1.0,0.0,2.0,1.1428571428571428,1.1428571428571428,3,0,4,2.0
2024-04-19,Ph01_Z01_C01,1063,2.0,0.0,1.0,1.0,1.2857142857142858,1.2142857142857142,4,0,4,1.0
2024-04-20,Ph01_Z01_C01,1063,1.0,2.0,1.0,2.0,1.2857142857142858,1.1428571428571428,5,1,4,1.0
2024-04-21,Ph01_Z01_C01,1063,1.0,1.0,2.0,1.0,1.1428571428571428,1.1428571428571428,6,1,4,0.0
2024-04-22,Ph01_Z01_C01,1063,0.0,1.0,3.0,1.0,0.7142857142857143,1.0714285714285714,0,0,4,2.0
2024-04-23,Ph01_Z01_C01,1063,2.0,0.0,0.0,1.0,1.0,1.1428571428571428,1,0,4,0.0
2024-04-24,Ph01_Z01_C01,1063,0.0,2.0,1.0,2.0,0.8571428571428571,1.0,2,0,4,1.0
2024-04-25,Ph01_Z01_C01,1063,1.0,0.0,0.0,0.0,1.0,1.0714285714285714,3,0,4,1.0
2024-04-26,Ph01_Z01_C01,1063,1.0,1.0,2.0,1.0,0.8571428571428571,1.0714285714285714,4,0,4,0.0
2024-04-27,Ph01_Z01_C01,1063,0.0,1.0,1.0,1.0,0.7142857142857143,1.0,5,1,4,1.0
2024-04-28,Ph01_Z01_C01,1063,1.0,0.0,1.0,2.0,0.7142857142857143,0.9285714285714286,6,1,4,0.0
2024-04-29,Ph01_Z01_C01,1063,0.0,1.0,0.0,3.0,0.7142857142857143,0.7142857142857143,0,0,4,2.0
2024-04-30,Ph01_Z01_C01,1063,2.0,0.0,2.0,0.0,0.7142857142857143,0.8571428571428571,1,0,4,2.0
2024-05-01,Ph01_Z01_C01,1063,2.0,2.0,0.0,1.0,1.0,0.9285714285714286,2,0,5,0.0
2024-05-02,Ph01_Z01_C01,1063,0.0,2.0,1.0,0.0,0.8571428571428571,0.9285714285714286,3,0,5,5.0
2024-05-03,Ph01_Z01_C01,1063,5.0,0.0,1.0,2.0,1.4285714285714286,1.1428571428571428,4,0,5,0.0
2024-05-04,Ph01_Z01_C01,1063,0.0,5.0,0.0,1.0,1.4285714285714286,1.0714285714285714,5,1,5,1.0
2024-05-05,Ph01_Z01_C01,1063,1.0,0.0,1.0,1.0,1.4285714285714286,1.0714285714285714,6,1,5,0.0
2024-05-06,Ph01_Z01_C01,1063,0.0,1.0,0.0,0.0,1.4285714285714286,1.0714285714285714,0,0,5,0.0
2024-05-07,Ph01_Z01_C01,1063,0.0,0.0,2.0,2.0,1.1428571428571428,0.9285714285714286,1,0,5,4.0
2024-05-08,Ph01_Z01_C01,1063,4.0,0.0,2.0,0.0,1.4285714285714286,1.2142857142857142,2,0,5,0.0
2024-05-09,Ph01_Z01_C01,1063,0.0,4.0,0.0,1.0,1.4285714285714286,1.1428571428571428,3,0,5,1.0
2024-05-10,Ph01_Z01_C01,1063,1.0,0.0,5.0,1.0,0.8571428571428571,1.1428571428571428,4,0,5,2.0
2024-05-11,Ph01_Z01_C01,1063,2.0,1.0,0.0,0.0,1.1428571428571428,1.2857142857142858,5,1,5,2.0
2024-05-12,Ph01_Z01_C01,1063,2.0,2.0,1.0,1.0,1.2857142857142858,1.3571428571428572,6,1,5,0.0
2024-05-13,Ph01_Z01_C01,1063,0.0,2.0,0.0,0.0,1.2857142857142858,1.3571428571428572,0,0,5,3.0
2024-05-14,Ph01_Z01_C01,1063,3.0,0.0,0.0,2.0,1.7142857142857142,1.4285714285714286,1,0,5,1.0
2024-05-15,Ph01_Z01_C01,1063,1.0,3.0,4.0,2.0,1.2857142857142858,1.3571428571428572,2,0,5,3.0
2024-05-16,Ph01_Z01_C01,1063,3.0,1.0,0.0,0.0,1.7142857142857142,1.5714285714285714,3,0,5,2.0
2024-05-17,Ph01_Z01_C01,1063,2.0,3.0,1.0,5.0,1.8571428571428572,1.3571428571428572,4,0,5,0.0
2024-05-18,Ph01_Z01_C01,1063,0.0,2.0,2.0,0.0,1.5714285714285714,1.3571428571428572,5,1,5,2.0
2024-05-19,Ph01_Z01_C01,1063,2.0,0.0,2.0,1.0,1.5714285714285714,1.4285714285714286,6,1,5,1.0
2024-05-20,Ph01_Z01_C01,1063,1.0,2.0,0.0,0.0,1.7142857142857142,1.5,0,0,5,2.0
2024-05-21,Ph01_Z01_C01,1063,2.0,1.0,3.0,0.0,1.5714285714285714,1.6428571428571428,1,0,5,0.0
2024-05-22,Ph01_Z01_C01,1063,0.0,2.0,1.0,4.0,1.4285714285714286,1.3571428571428572,2,0,5,1.0
2024-05-23,Ph01_Z01_C01,1063,1.0,0.0,3.0,0.0,1.1428571428571428,1.4285714285714286,3,0,5,1.0
2024-05-24,Ph01_Z01_C01,1063,1.0,1.0,2.0,1.0,1.0,1.4285714285714286,4,0,5,3.0
2024-05-25,Ph01_Z01_C01,1063,3.0,1.0,0.0,2.0,1.4285714285714286,1.5,5,1,5,3.0
2024-05-26,Ph01_Z01_C01,1063,3.0,3.0,2.0,2.0,1.5714285714285714,1.5714285714285714,6,1,5,1.0
2024-05-27,Ph01_Z01_C01,1063,1.0,3.0,1.0,0.0,1.5714285714285714,1.6428571428571428,0,0,5,1.0
2024-05-28,Ph01_Z01_C01,1063,1.0,1.0,2.0,3.0,1.4285714285714286,1.5,1,0,5,2.0
2024-05-29,Ph01_Z01_C01,1063,2.0,1.0,0.0,1.0,1.7142857142857142,1.5714285714285714,2,0,5,2.0
2024-05-30,Ph01_Z01_C01,1063,2.0,2.0,1.0,3.0,1.8571428571428572,1.5,3,0,5,0.0
2024-05-31,Ph01_Z01_C01,1063,0.0,2.0,1.0,2.0,1.7142857142857142,1.3571428571428572,4,0,5,1.0
2024-06-01,Ph01_Z01_C01,1063,1.0,0.0,3.0,0.0,1.4285714285714286,1.4285714285714286,5,1,6,1.0
2024-06-02,Ph01_Z01_C01,1063,1.0,1.0,3.0,2.0,1.1428571428571428,1.3571428571428572,6,1,6,0.0
2024-06-03,Ph01_Z01_C01,1063,0.0,1.0,1.0,1.0,1.0,1.2857142857142858,0,0,6,4.0
2024-06-04,Ph01_Z01_C01,1063,4.0,0.0,1.0,2.0,1.4285714285714286,1.4285714285714286,1,0,6,1.0
2024-06-05,Ph01_Z01_C01,1063,1.0,4.0,2.0,0.0,1.2857142857142858,1.5,2,0,6,1.0
2024-06-06,Ph01_Z01_C01,1063,1.0,1.0,2.0,1.0,1.1428571428571428,1.5,3,0,6,1.0
2024-06-07,Ph01_Z01_C01,1063,1.0,1.0,0.0,1.0,1.2857142857142858,1.5,4,0,6,1.0
2024-06-08,Ph01_Z01_C01,1063,1.0,1.0,1.0,3.0,1.2857142857142858,1.3571428571428572,5,1,6,3.0
2024-06-09,Ph01_Z01_C01,1063,3.0,1.0,1.0,3.0,1.5714285714285714,1.3571428571428572,6,1,6,3.0
2024-06-10,Ph01_Z01_C01,1063,3.0,3.0,0.0,1.0,2.0,1.5,0,0,6,1.0
2024-06-11,Ph01_Z01_C01,1063,1.0,3.0,4.0,1.0,1.5714285714285714,1.5,1,0,6,2.0
2024-06-12,Ph01_Z01_C01,1063,2.0,1.0,1.0,2.0,1.7142857142857142,1.5,2,0,6,1.0
2024-06-13,Ph01_Z01_C01,1063,1.0,2.0,1.0,2.0,1.7142857142857142,1.4285714285714286,3,0,6,1.0
2024-06-14,Ph01_Z01_C01,1063,1.0,1.0,1.0,0.0,1.7142857142857142,1.5,4,0,6,1.0
2024-06-15,Ph01_Z01_C01,1063,1.0,1.0,1.0,1.0,1.7142857142857142,1.5,5,1,6,2.0
2024-06-16,Ph01_Z01_C01,1063,2.0,1.0,3.0,1.0,1.5714285714285714,1.5714285714285714,6,1,6,2.0
2024-06-17,Ph01_Z01_C01,1063,2.0,2.0,3.0,0.0,1.4285714285714286,1.7142857142857142,0,0,6,3.0
2024-06-18,Ph01_Z01_C01,1063,3.0,2.0,1.0,4.0,1.7142857142857142,1.6428571428571428,1,0,6,0.0
2024-06-19,Ph01_Z01_C01,1063,0.0,3.0,2.0,1.0,1.4285714285714286,1.5714285714285714,2,0,6,0.0
2024-06-20,Ph01_Z01_C01,1063,0.0,0.0,1.0,1.0,1.2857142857142858,1.5,3,0,6,0.0
2024-06-21,Ph01_Z01_C01,1063,0.0,0.0,1.0,1.0,1.1428571428571428,1.4285714285714286,4,0,6,1.0
2024-06-22,Ph01_Z01_C01,1063,1.0,0.0,1.0,1.0,1.1428571428571428,1.4285714285714286,5,1,6,2.0
2024-06-23,Ph01_Z01_C01,1063,2.0,1.0,2.0,3.0,1.1428571428571428,1.3571428571428572,6,1,6,0.0
2024-06-24,Ph01_Z01_C01,1063,0.0,2.0,2.0,3.0,0.8571428571428571,1.1428571428571428,0,0,6,1.0
2024-06-25,Ph01_Z01_C01,1063,1.0,0.0,3.0,1.0,0.5714285714285714,1.1428571428571428,1,0,6,1.0
2024-06-26,Ph01_Z01_C01,1063,1.0,1.0,0.0,2.0,0.7142857142857143,1.0714285714285714,2,0,6,1.0
2024-06-27,Ph01_Z01_C01,1063,1.0,1.0,0.0,1.0,0.8571428571428571,1.0714285714285714,3,0,6,2.0
2024-06-28,Ph01_Z01_C01,1063,2.0,1.0,0.0,1.0,1.1428571428571428,1.1428571428571428,4,0,6,2.0
2024-06-29,Ph01_Z01_C01,1063,2.0,2.0,1.0,1.0,1.2857142857142858,1.2142857142857142,5,1,6,2.0
2024-06-30,Ph01_Z01_C01,1063,2.0,2.0,2.0,2.0,1.2857142857142858,1.2142857142857142,6,1,6,1.0
2024-07-01,Ph01_Z01_C01,1063,1.0,2.0,0.0,2.0,1.4285714285714286,1.1428571428571428,0,0,7,2.0
2024-07-02,Ph01_Z01_C01,1063,2.0,1.0,1.0,3.0,1.5714285714285714,1.0714285714285714,1,0,7,2.0
2024-07-03,Ph01_Z01_C01,1063,2.0,2.0,1.0,0.0,1.7142857142857142,1.2142857142857142,2,0,7,0.0
2024-07-04,Ph01_Z01_C01,1063,0.0,2.0,1.0,0.0,1.5714285714285714,1.2142857142857142,3,0,7,3.0
2024-07-05,Ph01_Z01_C01,1063,3.0,0.0,2.0,0.0,1.7142857142857142,1.4285714285714286,4,0,7,6.0
2024-07-06,Ph01_Z01_C01,1063,6.0,3.0,2.0,1.0,2.2857142857142856,1.7857142857142858,5,1,7,5.0
2024-07-07,Ph01_Z01_C01,1063,5.0,6.0,2.0,2.0,2.7142857142857144,2.0,6,1,7,0.0
2024-07-08,Ph01_Z01_C01,1063,0.0,5.0,1.0,0.0,2.5714285714285716,2.0,0,0,7,1.0
2024-07-09,Ph01_Z01_C01,1063,1.0,0.0,2.0,1.0,2.4285714285714284,2.0,1,0,7,2.0
2024-07-10,Ph01_Z01_C01,1063,2.0,1.0,2.0,1.0,2.4285714285714284,2.0714285714285716,2,0,7,2.0
2024-07-11,Ph01_Z01_C01,1063,2.0,2.0,0.0,1.0,2.7142857142857144,2.142857142857143,3,0,7,2.0
2024-07-12,Ph01_Z01_C01,1063,2.0,2.0,3.0,2.0,2.5714285714285716,2.142857142857143,4,0,7,2.0
2024-07-13,Ph01_Z01_C01,1063,2.0,2.0,6.0,2.0,2.0,2.142857142857143,5,1,7,1.0
2024-07-14,Ph01_Z01_C01,1063,1.0,2.0,5.0,2.0,1.4285714285714286,2.0714285714285716,6,1,7,2.0
2024-07-15,Ph01_Z01_C01,1063,2.0,1.0,0.0,1.0,1.7142857142857142,2.142857142857143,0,0,7,3.0
2024-07-16,Ph01_Z01_C01,1063,3.0,2.0,1.0,2.0,2.0,2.2142857142857144,1,0,7,1.0
2024-07-17,Ph01_Z01_C01,1063,1.0,3.0,2.0,2.0,1.8571428571428572,2.142857142857143,2,0,7,2.0
2024-07-18,Ph01_Z01_C01,1063,2.0,1.0,2.0,0.0,1.8571428571428572,2.2857142857142856,3,0,7,3.0
2024-07-19,Ph01_Z01_C01,1063,3.0,2.0,2.0,3.0,2.0,2.2857142857142856,4,0,7,2.0
2024-07-20,Ph01_Z01_C01,1063,2.0,3.0,2.0,6.0,2.0,2.0,5,1,7,2.0
2024-07-21,Ph01_Z01_C01,1063,2.0,2.0,1.0,5.0,2.142857142857143,1.7857142857142858,6,1,7,2.0
2024-07-22,Ph01_Z01_C01,1063,2.0,2.0,2.0,0.0,2.142857142857143,1.9285714285714286,0,0,7,2.0
2024-07-23,Ph01_Z01_C01,1063,2.0,2.0,3.0,1.0,2.0,2.0,1,0,7,2.0
2024-07-24,Ph01_Z01_C01,1063,2.0,2.0,1.0,2.0,2.142857142857143,2.0,2,0,7,0.0
2024-07-25,Ph01_Z01_C01,1063,0.0,2.0,2.0,2.0,1.8571428571428572,1.8571428571428572,3,0,7,3.0
2024-07-26,Ph01_Z01_C01,1063,3.0,0.0,3.0,2.0,1.8571428571428572,1.9285714285714286,4,0,7,0.0
2024-07-27,Ph01_Z01_C01,1063,0.0,3.0,2.0,2.0,1.5714285714285714,1.7857142857142858,5,1,7,3.0
2024-07-28,Ph01_Z01_C01,1063,3.0,0.0,2.0,1.0,1.7142857142857142,1.9285714285714286,6,1,7,0.0
2024-07-29,Ph01_Z01_C01,1063,0.0,3.0,2.0,2.0,1.4285714285714286,1.7857142857142858,0,0,7,0.0
2024-07-30,Ph01_Z01_C01,1063,0.0,0.0,2.0,3.0,1.1428571428571428,1.5714285714285714,1,0,7,2.0
2024-07-31,Ph01_Z01_C01,1063,2.0,0.0,2.0,1.0,1.1428571428571428,1.6428571428571428,2,0,7,0.0
2024-08-01,Ph01_Z01_C01,1063,0.0,2.0,0.0,2.0,1.1428571428571428,1.5,3,0,8,1.0
2024-08-02,Ph01_Z01_C01,1063,1.0,0.0,3.0,3.0,0.8571428571428571,1.3571428571428572,4,0,8,0.0
2024-08-03,Ph01_Z01_C01,1063,0.0,1.0,0.0,2.0,0.8571428571428571,1.2142857142857142,5,1,8,2.0
2024-08-04,Ph01_Z01_C01,1063,2.0,0.0,3.0,2.0,0.7142857142857143,1.2142857142857142,6,1,8,1.0
2024-08-05,Ph01_Z01_C01,1063,1.0,2.0,0.0,2.0,0.8571428571428571,1.1428571428571428,0,0,8,1.0
2024-08-06,Ph01_Z01_C01,1063,1.0,1.0,0.0,2.0,1.0,1.0714285714285714,1,0,8,3.0
2024-08-07,Ph01_Z01_C01,1063,3.0,1.0,2.0,2.0,1.1428571428571428,1.1428571428571428,2,0,8,1.0
2024-08-08,Ph01_Z01_C01,1063,1.0,3.0,0.0,0.0,1.2857142857142858,1.2142857142857142,3,0,8,0.0
2024-08-09,Ph01_Z01_C01,1063,0.0,1.0,1.0,3.0,1.1428571428571428,1.0,4,0,8,1.0
2024-08-10,Ph01_Z01_C01,1063,1.0,0.0,0.0,0.0,1.2857142857142858,1.0714285714285714,5,1,8,1.0
2024-08-11,Ph01_Z01_C01,1063,1.0,1.0,2.0,3.0,1.1428571428571428,0.9285714285714286,6,1,8,3.0
2024-08-12,Ph01_Z01_C01,1063,3.0,1.0,1.0,0.0,1.4285714285714286,1.1428571428571428,0,0,8,0.0
2024-08-13,Ph01_Z01_C01,1063,0.0,3.0,1.0,0.0,1.2857142857142858,1.1428571428571428,1,0,8,4.0
2024-08-14,Ph01_Z01_C01,1063,4.0,0.0,3.0,2.0,1.4285714285714286,1.2857142857142858,2,0,8,1.0
2024-08-15,Ph01_Z01_C01,1063,1.0,4.0,1.0,0.0,1.4285714285714286,1.3571428571428572,3,0,8,1.0
2024-08-16,Ph01_Z01_C01,1063,1.0,1.0,0.0,1.0,1.5714285714285714,1.3571428571428572,4,0,8,1.0
2024-08-17,Ph01_Z01_C01,1063,1.0,1.0,1.0,0.0,1.5714285714285714,1.4285714285714286,5,1,8,2.0
2024-08-18,Ph01_Z01_C01,1063,2.0,1.0,1.0,2.0,1.7142857142857142,1.4285714285714286,6,1,8,1.0
2024-08-19,Ph01_Z01_C01,1063,1.0,2.0,3.0,1.0,1.4285714285714286,1.4285714285714286,0,0,8,1.0
2024-08-20,Ph01_Z01_C01,1063,1.0,1.0,0.0,1.0,1.5714285714285714,1.4285714285714286,1,0,8,1.0
2024-08-21,Ph01_Z01_C01,1063,1.0,1.0,4.0,3.0,1.1428571428571428,1.2857142857142858,2,0,8,1.0
2024-08-22,Ph01_Z01_C01,1063,1.0,1.0,1.0,1.0,1.1428571428571428,1.2857142857142858,3,0,8,0.0
2024-08-23,Ph01_Z01_C01,1063,0.0,1.0,1.0,0.0,1.0,1.2857142857142858,4,0,8,1.0
2024-08-24,Ph01_Z01_C01,1063,1.0,0.0,1.0,1.0,1.0,1.2857142857142858,5,1,8,3.0
2024-08-25,Ph01_Z01_C01,1063,3.0,1.0,2.0,1.0,1.1428571428571428,1.4285714285714286,6,1,8,2.0
2024-08-26,Ph01_Z01_C01,1063,2.0,3.0,1.0,3.0,1.2857142857142858,1.3571428571428572,0,0,8,1.0
2024-08-27,Ph01_Z01_C01,1063,1.0,2.0,1.0,0.0,1.2857142857142858,1.4285714285714286,1,0,8,2.0
2024-08-28,Ph01_Z01_C01,1063,2.0,1.0,1.0,4.0,1.4285714285714286,1.2857142857142858,2,0,8,3.0
2024-08-29,Ph01_Z01_C01,1063,3.0,2.0,1.0,1.0,1.7142857142857142,1.4285714285714286,3,0,8,1.0
2024-08-30,Ph01_Z01_C01,1063,1.0,3.0,0.0,1.0,1.8571428571428572,1.4285714285714286,4,0,8,1.0
2024-08-31,Ph01_Z01_C01,1063,1.0,1.0,1.0,1.0,1.8571428571428572,1.4285714285714286,5,1,8,2.0
2024-09-01,Ph01_Z01_C01,1063,2.0,1.0,3.0,2.0,1.7142857142857142,1.4285714285714286,6,1,9,1.0
2024-09-02,Ph01_Z01_C01,1063,1.0,2.0,2.0,1.0,1.5714285714285714,1.4285714285714286,0,0,9,0.0
2024-09-03,Ph01_Z01_C01,1063,0.0,1.0,1.0,1.0,1.4285714285714286,1.3571428571428572,1,0,9,3.0
2024-09-04,Ph01_Z01_C01,1063,3.0,0.0,2.0,1.0,1.5714285714285714,1.5,2,0,9,1.0
2024-09-05,Ph01_Z01_C01,1063,1.0,3.0,3.0,1.0,1.2857142857142858,1.5,3,0,9,3.0
2024-09-06,Ph01_Z01_C01,1063,3.0,1.0,1.0,0.0,1.5714285714285714,1.7142857142857142,4,0,9,2.0
2024-09-07,Ph01_Z01_C01,1063,2.0,3.0,1.0,1.0,1.7142857142857142,1.7857142857142858,5,1,9,0.0
2024-09-08,Ph01_Z01_C01,1063,0.0,2.0,2.0,3.0,1.4285714285714286,1.5714285714285714,6,1,9,2.0
2024-09-09,Ph01_Z01_C01,1063,2.0,0.0,1.0,2.0,1.5714285714285714,1.5714285714285714,0,0,9,2.0
2024-09-10,Ph01_Z01_C01,1063,2.0,2.0,0.0,1.0,1.8571428571428572,1.6428571428571428,1,0,9,1.0
2024-09-11,Ph01_Z01_C01,1063,1.0,2.0,3.0,2.0,1.5714285714285714,1.5714285714285714,2,0,9,0.0
2024-09-12,Ph01_Z01_C01,1063,0.0,1.0,1.0,3.0,1.4285714285714286,1.3571428571428572,3,0,9,0.0
2024-09-13,Ph01_Z01_C01,1063,0.0,0.0,3.0,1.0,1.0,1.2857142857142858,4,0,9,1.0
2024-09-14,Ph01_Z01_C01,1063,1.0,0.0,2.0,1.0,0.8571428571428571,1.2857142857142858,5,1,9,2.0
2024-09-15,Ph01_Z01_C01,1063,2.0,1.0,0.0,2.0,1.1428571428571428,1.2857142857142858,6,1,9,0.0
2024-09-16,Ph01_Z01_C01,1063,0.0,2.0,2.0,1.0,0.8571428571428571,1.2142857142857142,0,0,9,1.0
2024-09-17,Ph01_Z01_C01,1063,1.0,0.0,2.0,0.0,0.7142857142857143,1.2857142857142858,1,0,9,1.0
2024-09-18,Ph01_Z01_C01,1063,1.0,1.0,1.0,3.0,0.7142857142857143,1.1428571428571428,2,0,9,1.0
2024-09-19,Ph01_Z01_C01,1063,1.0,1.0,0.0,1.0,0.8571428571428571,1.1428571428571428,3,0,9,1.0
2024-09-20,Ph01_Z01_C01,1063,1.0,1.0,0.0,3.0,1.0,1.0,4,0,9,2.0
2024-09-21,Ph01_Z01_C01,1063,2.0,1.0,1.0,2.0,1.1428571428571428,1.0,5,1,9,4.0
2024-09-22,Ph01_Z01_C01,1063,4.0,2.0,2.0,0.0,1.4285714285714286,1.2857142857142858,6,1,9,0.0
2024-09-23,Ph01_Z01_C01,1063,0.0,4.0,0.0,2.0,1.4285714285714286,1.1428571428571428,0,0,9,0.0
2024-09-24,Ph01_Z01_C01,1063,0.0,0.0,1.0,2.0,1.2857142857142858,1.0,1,0,9,1.0
2024-09-25,Ph01_Z01_C01,1063,1.0,0.0,1.0,1.0,1.2857142857142858,1.0,2,0,9,4.0
2024-09-26,Ph01_Z01_C01,1063,4.0,1.0,1.0,0.0,1.7142857142857142,1.2857142857142858,3,0,9,1.0
2024-09-27,Ph01_Z01_C01,1063,1.0,4.0,1.0,0.0,1.7142857142857142,1.3571428571428572,4,0,9,0.0
2024-09-28,Ph01_Z01_C01,1063,0.0,1.0,2.0,1.0,1.4285714285714286,1.2857142857142858,5,1,9,1.0
2024-09-29,Ph01_Z01_C01,1063,1.0,0.0,4.0,2.0,1.0,1.2142857142857142,6,1,9,1.0
2024-09-30,Ph01_Z01_C01,1063,1.0,1.0,0.0,0.0,1.1428571428571428,1.2857142857142858,0,0,9,1.0
2024-10-01,Ph01_Z01_C01,1063,1.0,1.0,0.0,1.0,1.2857142857142858,1.2857142857142858,1,0,10,1.0
2024-10-02,Ph01_Z01_C01,1063,1.0,1.0,1.0,1.0,1.2857142857142858,1.2857142857142858,2,0,10,1.0
2024-10-03,Ph01_Z01_C01,1063,1.0,1.0,4.0,1.0,0.8571428571428571,1.2857142857142858,3,0,10,1.0
2024-10-04,Ph01_Z01_C01,1063,1.0,1.0,1.0,1.0,0.8571428571428571,1.2857142857142858,4,0,10,1.0
2024-10-05,Ph01_Z01_C01,1063,1.0,1.0,0.0,2.0,1.0,1.2142857142857142,5,1,10,1.0
2024-10-06,Ph01_Z01_C01,1063,1.0,1.0,1.0,4.0,1.0,1.0,6,1,10,3.0
2024-10-07,Ph01_Z01_C01,1063,3.0,1.0,1.0,0.0,1.2857142857142858,1.2142857142857142,0,0,10,3.0
2024-10-08,Ph01_Z01_C01,1063,3.0,3.0,1.0,0.0,1.5714285714285714,1.4285714285714286,1,0,10,0.0
2024-10-09,Ph01_Z01_C01,1063,0.0,3.0,1.0,1.0,1.4285714285714286,1.3571428571428572,2,0,10,1.0
2024-10-10,Ph01_Z01_C01,1063,1.0,0.0,1.0,4.0,1.4285714285714286,1.1428571428571428,3,0,10,3.0
2024-10-11,Ph01_Z01_C01,1063,3.0,1.0,1.0,1.0,1.7142857142857142,1.2857142857142858,4,0,10,1.0
2024-10-12,Ph01_Z01_C01,1063,1.0,3.0,1.0,0.0,1.7142857142857142,1.3571428571428572,5,1,10,2.0
2024-10-13,Ph01_Z01_C01,1063,2.0,1.0,1.0,1.0,1.8571428571428572,1.4285714285714286,6,1,10,2.0
2024-10-14,Ph01_Z01_C01,1063,2.0,2.0,3.0,1.0,1.7142857142857142,1.5,0,0,10,4.0
2024-10-15,Ph01_Z01_C01,1063,4.0,2.0,3.0,1.0,1.8571428571428572,1.7142857142857142,1,0,10,2.0
2024-10-16,Ph01_Z01_C01,1063,2.0,4.0,0.0,1.0,2.142857142857143,1.7857142857142858,2,0,10,1.0
2024-10-17,Ph01_Z01_C01,1063,1.0,2.0,1.0,1.0,2.142857142857143,1.7857142857142858,3,0,10,1.0
2024-10-18,Ph01_Z01_C01,1063,1.0,1.0,3.0,1.0,1.8571428571428572,1.7857142857142858,4,0,10,0.0
2024-10-19,Ph01_Z01_C01,1063,0.0,1.0,1.0,1.0,1.7142857142857142,1.7142857142857142,5,1,10,2.0
2024-10-20,Ph01_Z01_C01,1063,2.0,0.0,2.0,1.0,1.7142857142857142,1.7857142857142858,6,1,10,2.0
2024-10-21,Ph01_Z01_C01,1063,2.0,2.0,2.0,3.0,1.7142857142857142,1.7142857142857142,0,0,10,1.0
2024-10-22,Ph01_Z01_C01,1063,1.0,2.0,4.0,3.0,1.2857142857142858,1.5714285714285714,1,0,10,1.0
2024-10-23,Ph01_Z01_C01,1063,1.0,1.0,2.0,0.0,1.1428571428571428,1.6428571428571428,2,0,10,2.0
2024-10-24,Ph01_Z01_C01,1063,2.0,1.0,1.0,1.0,1.2857142857142858,1.7142857142857142,3,0,10,0.0
2024-10-25,Ph01_Z01_C01,1063,0.0,2.0,1.0,3.0,1.1428571428571428,1.5,4,0,10,3.0
2024-10-26,Ph01_Z01_C01,1063,3.0,0.0,0.0,1.0,1.5714285714285714,1.6428571428571428,5,1,10,3.0
2024-10-27,Ph01_Z01_C01,1063,3.0,3.0,2.0,2.0,1.7142857142857142,1.7142857142857142,6,1,10,0.0
2024-10-28,Ph01_Z01_C01,1063,0.0,3.0,2.0,2.0,1.4285714285714286,1.5714285714285714,0,0,10,2.0
2024-10-29,Ph01_Z01_C01,1063,2.0,0.0,1.0,4.0,1.5714285714285714,1.4285714285714286,1,0,10,2.0
2024-10-30,Ph01_Z01_C01,1063,2.0,2.0,1.0,2.0,1.7142857142857142,1.4285714285714286,2,0,10,1.0
2024-10-31,Ph01_Z01_C01,1063,1.0,2.0,2.0,1.0,1.5714285714285714,1.4285714285714286,3,0,10,2.0
2024-01-02,Ph01_Z01_C01,1069,2.0,0.0,0.0,0.0,2.0,2.0,1,0,1,3.0
2024-01-03,Ph01_Z01_C01,1069,3.0,2.0,0.0,0.0,2.5,2.5,2,0,1,6.0
2024-01-04,Ph01_Z01_C01,1069,6.0,3.0,0.0,0.0,3.6666666666666665,3.6666666666666665,3,0,1,7.0
2024-01-05,Ph01_Z01_C01,1069,7.0,6.0,0.0,0.0,4.5,4.5,4,0,1,4.0
2024-01-06,Ph01_Z01_C01,1069,4.0,7.0,0.0,0.0,4.4,4.4,5,1,1,3.0
2024-01-07,Ph01_Z01_C01,1069,3.0,4.0,0.0,0.0,4.166666666666667,4.166666666666667,6,1,1,2.0
2024-01-08,Ph01_Z01_C01,1069,2.0,3.0,0.0,0.0,3.857142857142857,3.857142857142857,0,0,1,2.0
2024-01-09,Ph01_Z01_C01,1069,2.0,2.0,2.0,0.0,3.857142857142857,3.625,1,0,1,2.0
2024-01-10,Ph01_Z01_C01,1069,2.0,2.0,3.0,0.0,3.7142857142857144,3.4444444444444446,2,0,1,2.0
2024-01-11,Ph01_Z01_C01,1069,2.0,2.0,6.0,0.0,3.142857142857143,3.3,3,0,1,4.0
2024-01-12,Ph01_Z01_C01,1069,4.0,2.0,7.0,0.0,2.7142857142857144,3.3636363636363638,4,0,1,1.0
2024-01-13,Ph01_Z01_C01,1069,1.0,4.0,4.0,0.0,2.2857142857142856,3.1666666666666665,5,1,1,2.0
2024-01-14,Ph01_Z01_C01,1069,2.0,1.0,3.0,0.0,2.142857142857143,3.076923076923077,6,1,1,0.0
2024-01-15,Ph01_Z01_C01,1069,0.0,2.0,2.0,0.0,1.8571428571428572,2.857142857142857,0,0,1,0.0
2024-01-16,Ph01_Z01_C01,1069,0.0,0.0,2.0,2.0,1.5714285714285714,2.7142857142857144,1,0,1,3.0
2024-01-17,Ph01_Z01_C01,1069,3.0,0.0,2.0,3.0,1.7142857142857142,2.7142857142857144,2,0,1,4.0
2024-01-18,Ph01_Z01_C01,1069,4.0,3.0,2.0,6.0,2.0,2.5714285714285716,3,0,1,0.0
2024-01-19,Ph01_Z01_C01,1069,0.0,4.0,4.0,7.0,1.4285714285714286,2.0714285714285716,4,0,1,2.0
2024-01-20,Ph01_Z01_C01,1069,2.0,0.0,1.0,4.0,1.5714285714285714,1.9285714285714286,5,1,1,3.0
2024-01-21,Ph01_Z01_C01,1069,3.0,2.0,2.0,3.0,1.7142857142857142,1.9285714285714286,6,1,1,1.0
2024-01-22,Ph01_Z01_C01,1069,1.0,3.0,0.0,2.0,1.8571428571428572,1.8571428571428572,0,0,1,1.0
2024-01-23,Ph01_Z01_C01,1069,1.0,1.0,0.0,2.0,2.0,1.7857142857142858,1,0,1,0.0
2024-01-24,Ph01_Z01_C01,1069,0.0,1.0,3.0,2.0,1.5714285714285714,1.6428571428571428,2,0,1,0.0
2024-01-25,Ph01_Z01_C01,1069,0.0,0.0,4.0,2.0,1.0,1.5,3,0,1,1.0
2024-01-26,Ph01_Z01_C01,1069,1.0,0.0,0.0,4.0,1.1428571428571428,1.2857142857142858,4,0,1,2.0
2024-01-27,Ph01_Z01_C01,1069,2.0,1.0,2.0,1.0,1.1428571428571428,1.3571428571428572,5,1,1,2.0
2024-01-28,Ph01_Z01_C01,1069,2.0,2.0,3.0,2.0,1.0,1.3571428571428572,6,1,1,3.0
2024-01-29,Ph01_Z01_C01,1069,3.0,2.0,1.0,0.0,1.2857142857142858,1.5714285714285714,0,0,1,3.0
2024-01-30,Ph01_Z01_C01,1069,3.0,3.0,1.0,0.0,1.5714285714285714,1.7857142857142858,1,0,1,1.0
2024-01-31,Ph01_Z01_C01,1069,1.0,3.0,0.0,3.0,1.7142857142857142,1.6428571428571428,2,0,1,3.0
2024-02-01,Ph01_Z01_C01,1069,3.0,1.0,0.0,4.0,2.142857142857143,1.5714285714285714,3,0,2,2.0
2024-02-02,Ph01_Z01_C01,1069,2.0,3.0,1.0,0.0,2.2857142857142856,1.7142857142857142,4,0,2,2.0
2024-02-03,Ph01_Z01_C01,1069,2.0,2.0,2.0,2.0,2.2857142857142856,1.7142857142857142,5,1,2,1.0
2024-02-04,Ph01_Z01_C01,1069,1.0,2.0,2.0,3.0,2.142857142857143,1.5714285714285714,6,1,2,1.0
2024-02-05,Ph01_Z01_C01,1069,1.0,1.0,3.0,1.0,1.8571428571428572,1.5714285714285714,0,0,2,5.0
2024-02-06,Ph01_Z01_C01,1069,5.0,1.0,3.0,1.0,2.142857142857143,1.8571428571428572,1,0,2,0.0
2024-02-07,Ph01_Z01_C01,1069,0.0,5.0,1.0,0.0,2.0,1.8571428571428572,2,0,2,1.0
2024-02-08,Ph01_Z01_C01,1069,1.0,0.0,3.0,0.0,1.7142857142857142,1.9285714285714286,3,0,2,2.0
2024-02-09,Ph01_Z01_C01,1069,2.0,1.0,2.0,1.0,1.7142857142857142,2.0,4,0,2,1.0
2024-02-10,Ph01_Z01_C01,1069,1.0,2.0,2.0,2.0,1.5714285714285714,1.9285714285714286,5,1,2,0.0
2024-02-11,Ph01_Z01_C01,1069,0.0,1.0,1.0,2.0,1.4285714285714286,1.7857142857142858,6,1,2,2.0
2024-02-12,Ph01_Z01_C01,1069,2.0,0.0,1.0,3.0,1.5714285714285714,1.7142857142857142,0,0,2,3.0
2024-02-13,Ph01_Z01_C01,1069,3.0,2.0,5.0,3.0,1.2857142857142858,1.7142857142857142,1,0,2,0.0
2024-02-14,Ph01_Z01_C01,1069,0.0,3.0,0.0,1.0,1.2857142857142858,1.6428571428571428,2,0,2,1.0
2024-02-15,Ph01_Z01_C01,1069,1.0,0.0,1.0,3.0,1.2857142857142858,1.5,3,0,2,0.0
2024-02-16,Ph01_Z01_C01,1069,0.0,1.0,2.0,2.0,1.0,1.3571428571428572,4,0,2,2.0
2024-02-17,Ph01_Z01_C01,1069,2.0,0.0,1.0,2.0,1.1428571428571428,1.3571428571428572,5,1,2,1.0
2024-02-18,Ph01_Z01_C01,1069,1.0,2.0,0.0,1.0,1.2857142857142858,1.3571428571428572,6,1,2,1.0
2024-02-19,Ph01_Z01_C01,1069,1.0,1.0,2.0,1.0,1.1428571428571428,1.3571428571428572,0,0,2,1.0
2024-02-20,Ph01_Z01_C01,1069,1.0,1.0,3.0,5.0,0.8571428571428571,1.0714285714285714,1,0,2,3.0
2024-02-21,Ph01_Z01_C01,1069,3.0,1.0,0.0,0.0,1.2857142857142858,1.2857142857142858,2,0,2,3.0
2024-02-22,Ph01_Z01_C01,1069,3.0,3.0,1.0,1.0,1.5714285714285714,1.4285714285714286,3,0,2,3.0
2024-02-23,Ph01_Z01_C01,1069,3.0,3.0,0.0,2.0,2.0,1.5,4,0,2,3.0
2024-02-24,Ph01_Z01_C01,1069,3.0,3.0,2.0,1.0,2.142857142857143,1.6428571428571428,5,1,2,2.0
2024-02-25,Ph01_Z01_C01,1069,2.0,3.0,1.0,0.0,2.2857142857142856,1.7857142857142858,6,1,2,0.0
2024-02-26,Ph01_Z01_C01,1069,0.0,2.0,1.0,2.0,2.142857142857143,1.6428571428571428,0,0,2,3.0
2024-02-27,Ph01_Z01_C01,1069,3.0,0.0,1.0,3.0,2.4285714285714284,1.6428571428571428,1,0,2,1.0
2024-02-28,Ph01_Z01_C01,1069,1.0,3.0,3.0,0.0,2.142857142857143,1.7142857142857142,2,0,2,3.0
2024-02-29,Ph01_Z01_C01,1069,3.0,1.0,3.0,1.0,2.142857142857143,1.8571428571428572,3,0,2,0.0
2024-03-01,Ph01_Z01_C01,1069,0.0,3.0,3.0,0.0,1.7142857142857142,1.8571428571428572,4,0,3,0.0
2024-03-02,Ph01_Z01_C01,1069,0.0,0.0,3.0,2.0,1.2857142857142858,1.7142857142857142,5,1,3,7.0
2024-03-03,Ph01_Z01_C01,1069,7.0,0.0,2.0,1.0,2.0,2.142857142857143,6,1,3,2.0
2024-03-04,Ph01_Z01_C01,1069,2.0,7.0,0.0,1.0,2.2857142857142856,2.2142857142857144,0,0,3,3.0
2024-03-05,Ph01_Z01_C01,1069,3.0,2.0,3.0,1.0,2.2857142857142856,2.357142857142857,1,0,3,1.0
2024-03-06,Ph01_Z01_C01,1069,1.0,3.0,1.0,3.0,2.2857142857142856,2.2142857142857144,2,0,3,1.0
2024-03-07,Ph01_Z01_C01,1069,1.0,1.0,3.0,3.0,2.0,2.0714285714285716,3,0,3,4.0
2024-03-08,Ph01_Z01_C01,1069,4.0,1.0,0.0,3.0,2.5714285714285716,2.142857142857143,4,0,3,2.0
2024-03-09,Ph01_Z01_C01,1069,2.0,4.0,0.0,3.0,2.857142857142857,2.0714285714285716,5,1,3,1.0
2024-03-10,Ph01_Z01_C01,1069,1.0,2.0,7.0,2.0,2.0,2.0,6,1,3,5.0
2024-03-11,Ph01_Z01_C01,1069,5.0,1.0,2.0,0.0,2.4285714285714284,2.357142857142857,0,0,3,2.0
2024-03-12,Ph01_Z01_C01,1069,2.0,5.0,3.0,3.0,2.2857142857142856,2.2857142857142856,1,0,3,1.0
2024-03-13,Ph01_Z01_C01,1069,1.0,2.0,1.0,1.0,2.2857142857142856,2.2857142857142856,2,0,3,1.0
2024-03-14,Ph01_Z01_C01,1069,1.0,1.0,1.0,3.0,2.2857142857142856,2.142857142857143,3,0,3,3.0
2024-03-15,Ph01_Z01_C01,1069,3.0,1.0,4.0,0.0,2.142857142857143,2.357142857142857,4,0,3,0.0
2024-03-16,Ph01_Z01_C01,1069,0.0,3.0,2.0,0.0,1.8571428571428572,2.357142857142857,5,1,3,0.0
2024-03-17,Ph01_Z01_C01,1069,0.0,0.0,1.0,7.0,1.7142857142857142,1.8571428571428572,6,1,3,2.0
2024-03-18,Ph01_Z01_C01,1069,2.0,0.0,5.0,2.0,1.2857142857142858,1.8571428571428572,0,0,3,0.0
2024-03-19,Ph01_Z01_C01,1069,0.0,2.0,2.0,3.0,1.0,1.6428571428571428,1,0,3,1.0
2024-03-20,Ph01_Z01_C01,1069,1.0,0.0,1.0,1.0,1.0,1.6428571428571428,2,0,3,2.0
2024-03-21,Ph01_Z01_C01,1069,2.0,1.0,1.0,1.0,1.1428571428571428,1.7142857142857142,3,0,3,4.0
2024-03-22,Ph01_Z01_C01,1069,4.0,2.0,3.0,4.0,1.2857142857142858,1.7142857142857142,4,0,3,0.0
2024-03-23,Ph01_Z01_C01,1069,0.0,4.0,0.0,2.0,1.2857142857142858,1.5714285714285714,5,1,3,5.0
2024-03-24,Ph01_Z01_C01,1069,5.0,0.0,0.0,1.0,2.0,1.8571428571428572,6,1,3,0.0
2024-03-25,Ph01_Z01_C01,1069,0.0,5.0,2.0,5.0,1.7142857142857142,1.5,0,0,3,1.0
2024-03-26,Ph01_Z01_C01,1069,1.0,0.0,0.0,2.0,1.8571428571428572,1.4285714285714286,1,0,3,4.0
2024-03-27,Ph01_Z01_C01,1069,4.0,1.0,1.0,1.0,2.2857142857142856,1.6428571428571428,2,0,3,5.0
2024-03-28,Ph01_Z01_C01,1069,5.0,4.0,2.0,1.0,2.7142857142857144,1.9285714285714286,3,0,3,2.0
2024-03-29,Ph01_Z01_C01,1069,2.0,5.0,4.0,3.0,2.4285714285714284,1.8571428571428572,4,0,3,3.0
2024-03-30,Ph01_Z01_C01,1069,3.0,2.0,0.0,0.0,2.857142857142857,2.0714285714285716,5,1,3,1.0
2024-03-31,Ph01_Z01_C01,1069,1.0,3.0,5.0,0.0,2.2857142857142856,2.142857142857143,6,1,3,1.0
2024-04-01,Ph01_Z01_C01,1069,1.0,1.0,0.0,2.0,2.4285714285714284,2.0714285714285716,0,0,4,3.0
2024-04-02,Ph01_Z01_C01,1069,3.0,1.0,1.0,0.0,2.7142857142857144,2.2857142857142856,1,0,4,1.0
2024-04-03,Ph01_Z01_C01,1069,1.0,3.0,4.0,1.0,2.2857142857142856,2.2857142857142856,2,0,4,2.0
2024-04-04,Ph01_Z01_C01,1069,2.0,1.0,5.0,2.0,1.8571428571428572,2.2857142857142856,3,0,4,2.0
2024-04-05,Ph01_Z01_C01,1069,2.0,2.0,2.0,4.0,1.8571428571428572,2.142857142857143,4,0,4,1.0
2024-04-06,Ph01_Z01_C01,1069,1.0,2.0,3.0,0.0,1.5714285714285714,2.2142857142857144,5,1,4,1.0
2024-04-07,Ph01_Z01_C01,1069,1.0,1.0,1.0,5.0,1.5714285714285714,1.9285714285714286,6,1,4,1.0
2024-04-08,Ph01_Z01_C01,1069,1.0,1.0,1.0,0.0,1.5714285714285714,2.0,0,0,4,1.0
2024-04-09,Ph01_Z01_C01,1069,1.0,1.0,3.0,1.0,1.2857142857142858,2.0,1,0,4,1.0
2024-04-10,Ph01_Z01_C01,1069,1.0,1.0,1.0,4.0,1.2857142857142858,1.7857142857142858,2,0,4,1.0
2024-04-11,Ph01_Z01_C01,1069,1.0,1.0,2.0,5.0,1.1428571428571428,1.5,3,0,4,1.0
2024-04-12,Ph01_Z01_C01,1069,1.0,1.0,2.0,2.0,1.0,1.4285714285714286,4,0,4,2.0
2024-04-13,Ph01_Z01_C01,1069,2.0,1.0,1.0,3.0,1.1428571428571428,1.3571428571428572,5,1,4,2.0
2024-04-14,Ph01_Z01_C01,1069,2.0,2.0,1.0,1.0,1.2857142857142858,1.4285714285714286,6,1,4,3.0
2024-04-15,Ph01_Z01_C01,1069,3.0,2.0,1.0,1.0,1.5714285714285714,1.5714285714285714,0,0,4,3.0
2024-04-16,Ph01_Z01_C01,1069,3.0,3.0,1.0,3.0,1.8571428571428572,1.5714285714285714,1,0,4,1.0
2024-04-17,Ph01_Z01_C01,1069,1.0,3.0,1.0,1.0,1.8571428571428572,1.5714285714285714,2,0,4,0.0
2024-04-18,Ph01_Z01_C01,1069,0.0,1.0,1.0,2.0,1.7142857142857142,1.4285714285714286,3,0,4,2.0
2024-04-19,Ph01_Z01_C01,1069,2.0,0.0,1.0,2.0,1.8571428571428572,1.4285714285714286,4,0,4,1.0
2024-04-20,Ph01_Z01_C01,1069,1.0,2.0,2.0,1.0,1.7142857142857142,1.4285714285714286,5,1,4,3.0
2024-04-21,Ph01_Z01_C01,1069,3.0,1.0,2.0,1.0,1.8571428571428572,1.5714285714285714,6,1,4,4.0
2024-04-22,Ph01_Z01_C01,1069,4.0,3.0,3.0,1.0,2.0,1.7857142857142858,0,0,4,3.0
2024-04-23,Ph01_Z01_C01,1069,3.0,4.0,3.0,1.0,2.0,1.9285714285714286,1,0,4,3.0
2024-04-24,Ph01_Z01_C01,1069,3.0,3.0,1.0,1.0,2.2857142857142856,2.0714285714285716,2,0,4,4.0
2024-04-25,Ph01_Z01_C01,1069,4.0,3.0,0.0,1.0,2.857142857142857,2.2857142857142856,3,0,4,2.0
2024-04-26,Ph01_Z01_C01,1069,2.0,4.0,2.0,1.0,2.857142857142857,2.357142857142857,4,0,4,1.0
2024-04-27,Ph01_Z01_C01,1069,1.0,2.0,1.0,2.0,2.857142857142857,2.2857142857142856,5,1,4,3.0
2024-04-28,Ph01_Z01_C01,1069,3.0,1.0,3.0,2.0,2.857142857142857,2.357142857142857,6,1,4,0.0
2024-04-29,Ph01_Z01_C01,1069,0.0,3.0,4.0,3.0,2.2857142857142856,2.142857142857143,0,0,4,2.0
2024-04-30,Ph01_Z01_C01,1069,2.0,0.0,3.0,3.0,2.142857142857143,2.0714285714285716,1,0,4,4.0
2024-05-01,Ph01_Z01_C01,1069,4.0,2.0,3.0,1.0,2.2857142857142856,2.2857142857142856,2,0,5,1.0
2024-05-02,Ph01_Z01_C01,1069,1.0,4.0,4.0,0.0,1.8571428571428572,2.357142857142857,3,0,5,5.0
2024-05-03,Ph01_Z01_C01,1069,5.0,1.0,2.0,2.0,2.2857142857142856,2.5714285714285716,4,0,5,1.0
2024-05-04,Ph01_Z01_C01,1069,1.0,5.0,1.0,1.0,2.2857142857142856,2.5714285714285716,5,1,5,2.0
2024-05-05,Ph01_Z01_C01,1069,2.0,1.0,3.0,3.0,2.142857142857143,2.5,6,1,5,1.0
2024-05-06,Ph01_Z01_C01,1069,1.0,2.0,0.0,4.0,2.2857142857142856,2.2857142857142856,0,0,5,0.0
2024-05-07,Ph01_Z01_C01,1069,0.0,1.0,2.0,3.0,2.0,2.0714285714285716,1,0,5,2.0
2024-05-08,Ph01_Z01_C01,1069,2.0,0.0,4.0,3.0,1.7142857142857142,2.0,2,0,5,0.0
2024-05-09,Ph01_Z01_C01,1069,0.0,2.0,1.0,4.0,1.5714285714285714,1.7142857142857142,3,0,5,1.0
2024-05-10,Ph01_Z01_C01,1069,1.0,0.0,5.0,2.0,1.0,1.6428571428571428,4,0,5,1.0
2024-05-11,Ph01_Z01_C01,1069,1.0,1.0,1.0,1.0,1.0,1.6428571428571428,5,1,5,2.0
2024-05-12,Ph01_Z01_C01,1069,2.0,1.0,2.0,3.0,1.0,1.5714285714285714,6,1,5,0.0
2024-05-13,Ph01_Z01_C01,1069,0.0,2.0,1.0,0.0,0.8571428571428571,1.5714285714285714,0,0,5,0.0
2024-05-14,Ph01_Z01_C01,1069,0.0,0.0,0.0,2.0,0.8571428571428571,1.4285714285714286,1,0,5,0.0
2024-05-15,Ph01_Z01_C01,1069,0.0,0.0,2.0,4.0,0.5714285714285714,1.1428571428571428,2,0,5,4.0
2024-05-16,Ph01_Z01_C01,1069,4.0,0.0,0.0,1.0,1.1428571428571428,1.3571428571428572,3,0,5,1.0
2024-05-17,Ph01_Z01_C01,1069,1.0,4.0,1.0,5.0,1.1428571428571428,1.0714285714285714,4,0,5,0.0
2024-05-18,Ph01_Z01_C01,1069,0.0,1.0,1.0,1.0,1.0,1.0,5,1,5,1.0
2024-05-19,Ph01_Z01_C01,1069,1.0,0.0,2.0,2.0,0.8571428571428571,0.9285714285714286,6,1,5,2.0
2024-05-20,Ph01_Z01_C01,1069,2.0,1.0,0.0,1.0,1.1428571428571428,1.0,0,0,5,1.0
2024-05-21,Ph01_Z01_C01,1069,1.0,2.0,0.0,0.0,1.2857142857142858,1.0714285714285714,1,0,5,0.0
2024-05-22,Ph01_Z01_C01,1069,0.0,1.0,0.0,2.0,1.2857142857142858,0.9285714285714286,2,0,5,3.0
2024-05-23,Ph01_Z01_C01,1069,3.0,0.0,4.0,0.0,1.1428571428571428,1.1428571428571428,3,0,5,2.0
2024-05-24,Ph01_Z01_C01,1069,2.0,3.0,1.0,1.0,1.2857142857142858,1.2142857142857142,4,0,5,6.0
2024-05-25,Ph01_Z01_C01,1069,6.0,2.0,0.0,1.0,2.142857142857143,1.5714285714285714,5,1,5,2.0
2024-05-26,Ph01_Z01_C01,1069,2.0,6.0,1.0,2.0,2.2857142857142856,1.5714285714285714,6,1,5,2.0
2024-05-27,Ph01_Z01_C01,1069,2.0,2.0,2.0,0.0,2.2857142857142856,1.7142857142857142,0,0,5,1.0
2024-05-28,Ph01_Z01_C01,1069,1.0,2.0,1.0,0.0,2.2857142857142856,1.7857142857142858,1,0,5,5.0
2024-05-29,Ph01_Z01_C01,1069,5.0,1.0,0.0,0.0,3.0,2.142857142857143,2,0,5,3.0
2024-05-30,Ph01_Z01_C01,1069,3.0,5.0,3.0,4.0,3.0,2.0714285714285716,3,0,5,0.0
2024-05-31,Ph01_Z01_C01,1069,0.0,3.0,2.0,1.0,2.7142857142857144,2.0,4,0,5,2.0
2024-06-01,Ph01_Z01_C01,1069,2.0,0.0,6.0,0.0,2.142857142857143,2.142857142857143,5,1,6,2.0
2024-06-02,Ph01_Z01_C01,1069,2.0,2.0,2.0,1.0,2.142857142857143,2.2142857142857144,6,1,6,0.0
2024-06-03,Ph01_Z01_C01,1069,0.0,2.0,2.0,2.0,1.8571428571428572,2.0714285714285716,0,0,6,4.0
2024-06-04,Ph01_Z01_C01,1069,4.0,0.0,1.0,1.0,2.2857142857142856,2.2857142857142856,1,0,6,1.0
2024-06-05,Ph01_Z01_C01,1069,1.0,4.0,5.0,0.0,1.7142857142857142,2.357142857142857,2,0,6,2.0
2024-06-06,Ph01_Z01_C01,1069,2.0,1.0,3.0,3.0,1.5714285714285714,2.2857142857142856,3,0,6,1.0
2024-06-07,Ph01_Z01_C01,1069,1.0,2.0,0.0,2.0,1.7142857142857142,2.2142857142857144,4,0,6,0.0
2024-06-08,Ph01_Z01_C01,1069,0.0,1.0,2.0,6.0,1.4285714285714286,1.7857142857142858,5,1,6,3.0
2024-06-09,Ph01_Z01_C01,1069,3.0,0.0,2.0,2.0,1.5714285714285714,1.8571428571428572,6,1,6,3.0
2024-06-10,Ph01_Z01_C01,1069,3.0,3.0,0.0,2.0,2.0,1.9285714285714286,0,0,6,5.0
2024-06-11,Ph01_Z01_C01,1069,5.0,3.0,4.0,1.0,2.142857142857143,2.2142857142857144,1,0,6,4.0
2024-06-12,Ph01_Z01_C01,1069,4.0,5.0,1.0,5.0,2.5714285714285716,2.142857142857143,2,0,6,0.0
2024-06-13,Ph01_Z01_C01,1069,0.0,4.0,2.0,3.0,2.2857142857142856,1.9285714285714286,3,0,6,3.0
2024-06-14,Ph01_Z01_C01,1069,3.0,0.0,1.0,0.0,2.5714285714285716,2.142857142857143,4,0,6,2.0
2024-06-15,Ph01_Z01_C01,1069,2.0,3.0,0.0,2.0,2.857142857142857,2.142857142857143,5,1,6,6.0
2024-06-16,Ph01_Z01_C01,1069,6.0,2.0,3.0,2.0,3.2857142857142856,2.4285714285714284,6,1,6,2.0
2024-06-17,Ph01_Z01_C01,1069,2.0,6.0,3.0,0.0,3.142857142857143,2.5714285714285716,0,0,6,4.0
2024-06-18,Ph01_Z01_C01,1069,4.0,2.0,5.0,4.0,3.0,2.5714285714285716,1,0,6,1.0
2024-06-19,Ph01_Z01_C01,1069,1.0,4.0,4.0,1.0,2.5714285714285716,2.5714285714285716,2,0,6,1.0
2024-06-20,Ph01_Z01_C01,1069,1.0,1.0,0.0,2.0,2.7142857142857144,2.5,3,0,6,0.0
2024-06-21,Ph01_Z01_C01,1069,0.0,1.0,3.0,1.0,2.2857142857142856,2.4285714285714284,4,0,6,1.0
2024-06-22,Ph01_Z01_C01,1069,1.0,0.0,2.0,0.0,2.142857142857143,2.5,5,1,6,2.0
2024-06-23,Ph01_Z01_C01,1069,2.0,1.0,6.0,3.0,1.5714285714285714,2.4285714285714284,6,1,6,1.0
2024-06-24,Ph01_Z01_C01,1069,1.0,2.0,2.0,3.0,1.4285714285714286,2.2857142857142856,0,0,6,2.0
2024-06-25,Ph01_Z01_C01,1069,2.0,1.0,4.0,5.0,1.1428571428571428,2.0714285714285716,1,0,6,2.0
2024-06-26,Ph01_Z01_C01,1069,2.0,2.0,1.0,4.0,1.2857142857142858,1.9285714285714286,2,0,6,0.0
2024-06-27,Ph01_Z01_C01,1069,0.0,2.0,1.0,0.0,1.1428571428571428,1.9285714285714286,3,0,6,2.0
2024-06-28,Ph01_Z01_C01,1069,2.0,0.0,0.0,3.0,1.4285714285714286,1.8571428571428572,4,0,6,5.0
2024-06-29,Ph01_Z01_C01,1069,5.0,2.0,1.0,2.0,2.0,2.0714285714285716,5,1,6,3.0
2024-06-30,Ph01_Z01_C01,1069,3.0,5.0,2.0,6.0,2.142857142857143,1.8571428571428572,6,1,6,1.0
2024-07-01,Ph01_Z01_C01,1069,1.0,3.0,1.0,2.0,2.142857142857143,1.7857142857142858,0,0,7,1.0
2024-07-02,Ph01_Z01_C01,1069,1.0,1.0,2.0,4.0,2.0,1.5714285714285714,1,0,7,0.0
2024-07-03,Ph01_Z01_C01,1069,0.0,1.0,2.0,1.0,1.7142857142857142,1.5,2,0,7,1.0
2024-07-04,Ph01_Z01_C01,1069,1.0,0.0,0.0,1.0,1.8571428571428572,1.5,3,0,7,4.0
2024-07-05,Ph01_Z01_C01,1069,4.0,1.0,2.0,0.0,2.142857142857143,1.7857142857142858,4,0,7,4.0
2024-07-06,Ph01_Z01_C01,1069,4.0,4.0,5.0,1.0,2.0,2.0,5,1,7,6.0
2024-07-07,Ph01_Z01_C01,1069,6.0,4.0,3.0,2.0,2.4285714285714284,2.2857142857142856,6,1,7,0.0
2024-07-08,Ph01_Z01_C01,1069,0.0,6.0,1.0,1.0,2.2857142857142856,2.2142857142857144,0,0,7,2.0
2024-07-09,Ph01_Z01_C01,1069,2.0,0.0,1.0,2.0,2.4285714285714284,2.2142857142857144,1,0,7,1.0
2024-07-10,Ph01_Z01_C01,1069,1.0,2.0,0.0,2.0,2.5714285714285716,2.142857142857143,2,0,7,2.0
2024-07-11,Ph01_Z01_C01,1069,2.0,1.0,1.0,0.0,2.7142857142857144,2.2857142857142856,3,0,7,2.0
2024-07-12,Ph01_Z01_C01,1069,2.0,2.0,4.0,2.0,2.4285714285714284,2.2857142857142856,4,0,7,2.0
2024-07-13,Ph01_Z01_C01,1069,2.0,2.0,4.0,5.0,2.142857142857143,2.0714285714285716,5,1,7,1.0
2024-07-14,Ph01_Z01_C01,1069,1.0,2.0,6.0,3.0,1.4285714285714286,1.9285714285714286,6,1,7,4.0
2024-07-15,Ph01_Z01_C01,1069,4.0,1.0,0.0,1.0,2.0,2.142857142857143,0,0,7,4.0
2024-07-16,Ph01_Z01_C01,1069,4.0,4.0,2.0,1.0,2.2857142857142856,2.357142857142857,1,0,7,2.0
2024-07-17,Ph01_Z01_C01,1069,2.0,4.0,1.0,0.0,2.4285714285714284,2.5,2,0,7,3.0
2024-07-18,Ph01_Z01_C01,1069,3.0,2.0,2.0,1.0,2.5714285714285716,2.642857142857143,3,0,7,4.0
2024-07-19,Ph01_Z01_C01,1069,4.0,3.0,2.0,4.0,2.857142857142857,2.642857142857143,4,0,7,2.0
2024-07-20,Ph01_Z01_C01,1069,2.0,4.0,2.0,4.0,2.857142857142857,2.5,5,1,7,4.0
2024-07-21,Ph01_Z01_C01,1069,4.0,2.0,1.0,6.0,3.2857142857142856,2.357142857142857,6,1,7,4.0
2024-07-22,Ph01_Z01_C01,1069,4.0,4.0,4.0,0.0,3.2857142857142856,2.642857142857143,0,0,7,3.0
2024-07-23,Ph01_Z01_C01,1069,3.0,4.0,4.0,2.0,3.142857142857143,2.7142857142857144,1,0,7,3.0
2024-07-24,Ph01_Z01_C01,1069,3.0,3.0,2.0,1.0,3.2857142857142856,2.857142857142857,2,0,7,1.0
2024-07-25,Ph01_Z01_C01,1069,1.0,3.0,3.0,2.0,3.0,2.7857142857142856,3,0,7,2.0
2024-07-26,Ph01_Z01_C01,1069,2.0,1.0,4.0,2.0,2.7142857142857144,2.7857142857142856,4,0,7,1.0
2024-07-27,Ph01_Z01_C01,1069,1.0,2.0,2.0,2.0,2.5714285714285716,2.7142857142857144,5,1,7,2.0
2024-07-28,Ph01_Z01_C01,1069,2.0,1.0,4.0,1.0,2.2857142857142856,2.7857142857142856,6,1,7,0.0
2024-07-29,Ph01_Z01_C01,1069,0.0,2.0,4.0,4.0,1.7142857142857142,2.5,0,0,7,4.0
2024-07-30,Ph01_Z01_C01,1069,4.0,0.0,3.0,4.0,1.8571428571428572,2.5,1,0,7,1.0
2024-07-31,Ph01_Z01_C01,1069,1.0,4.0,3.0,2.0,1.5714285714285714,2.4285714285714284,2,0,7,0.0
2024-08-01,Ph01_Z01_C01,1069,0.0,1.0,1.0,3.0,1.4285714285714286,2.2142857142857144,3,0,8,2.0
2024-08-02,Ph01_Z01_C01,1069,2.0,0.0,2.0,4.0,1.4285714285714286,2.0714285714285716,4,0,8,0.0
2024-08-03,Ph01_Z01_C01,1069,0.0,2.0,1.0,2.0,1.2857142857142858,1.9285714285714286,5,1,8,0.0
2024-08-04,Ph01_Z01_C01,1069,0.0,0.0,2.0,4.0,1.0,1.6428571428571428,6,1,8,1.0
2024-08-05,Ph01_Z01_C01,1069,1.0,0.0,0.0,4.0,1.1428571428571428,1.4285714285714286,0,0,8,3.0
2024-08-06,Ph01_Z01_C01,1069,3.0,1.0,4.0,3.0,1.0,1.4285714285714286,1,0,8,1.0
2024-08-07,Ph01_Z01_C01,1069,1.0,3.0,1.0,3.0,1.0,1.2857142857142858,2,0,8,1.0
2024-08-08,Ph01_Z01_C01,1069,1.0,1.0,0.0,1.0,1.1428571428571428,1.2857142857142858,3,0,8,1.0
2024-08-09,Ph01_Z01_C01,1069,1.0,1.0,2.0,2.0,1.0,1.2142857142857142,4,0,8,3.0
2024-08-10,Ph01_Z01_C01,1069,3.0,1.0,0.0,1.0,1.4285714285714286,1.3571428571428572,5,1,8,1.0
2024-08-11,Ph01_Z01_C01,1069,1.0,3.0,0.0,2.0,1.5714285714285714,1.2857142857142858,6,1,8,1.0
2024-08-12,Ph01_Z01_C01,1069,1.0,1.0,1.0,0.0,1.5714285714285714,1.3571428571428572,0,0,8,2.0
2024-08-13,Ph01_Z01_C01,1069,2.0,1.0,3.0,4.0,1.4285714285714286,1.2142857142857142,1,0,8,4.0
2024-08-14,Ph01_Z01_C01,1069,4.0,2.0,1.0,1.0,1.8571428571428572,1.4285714285714286,2,0,8,1.0
2024-08-15,Ph01_Z01_C01,1069,1.0,4.0,1.0,0.0,1.8571428571428572,1.5,3,0,8,1.0
2024-08-16,Ph01_Z01_C01,1069,1.0,1.0,1.0,2.0,1.8571428571428572,1.4285714285714286,4,0,8,3.0
2024-08-17,Ph01_Z01_C01,1069,3.0,1.0,3.0,0.0,1.8571428571428572,1.6428571428571428,5,1,8,2.0
2024-08-18,Ph01_Z01_C01,1069,2.0,3.0,1.0,0.0,2.0,1.7857142857142858,6,1,8,2.0
2024-08-19,Ph01_Z01_C01,1069,2.0,2.0,1.0,1.0,2.142857142857143,1.8571428571428572,0,0,8,2.0
2024-08-20,Ph01_Z01_C01,1069,2.0,2.0,2.0,3.0,2.142857142857143,1.7857142857142858,1,0,8,0.0
2024-08-21,Ph01_Z01_C01,1069,0.0,2.0,4.0,1.0,1.5714285714285714,1.7142857142857142,2,0,8,2.0
2024-08-22,Ph01_Z01_C01,1069,2.0,0.0,1.0,1.0,1.7142857142857142,1.7857142857142858,3,0,8,1.0
2024-08-23,Ph01_Z01_C01,1069,1.0,2.0,1.0,1.0,1.7142857142857142,1.7857142857142858,4,0,8,0.0
2024-08-24,Ph01_Z01_C01,1069,0.0,1.0,3.0,3.0,1.2857142857142858,1.5714285714285714,5,1,8,1.0
2024-08-25,Ph01_Z01_C01,1069,1.0,0.0,2.0,1.0,1.1428571428571428,1.5714285714285714,6,1,8,3.0
2024-08-26,Ph01_Z01_C01,1069,3.0,1.0,2.0,1.0,1.2857142857142858,1.7142857142857142,0,0,8,2.0
2024-08-27,Ph01_Z01_C01,1069,2.0,3.0,2.0,2.0,1.2857142857142858,1.7142857142857142,1,0,8,2.0
2024-08-28,Ph01_Z01_C01,1069,2.0,2.0,0.0,4.0,1.5714285714285714,1.5714285714285714,2,0,8,4.0
2024-08-29,Ph01_Z01_C01,1069,4.0,2.0,2.0,1.0,1.8571428571428572,1.7857142857142858,3,0,8,5.0
2024-08-30,Ph01_Z01_C01,1069,5.0,4.0,1.0,1.0,2.4285714285714284,2.0714285714285716,4,0,8,0.0
2024-08-31,Ph01_Z01_C01,1069,0.0,5.0,0.0,3.0,2.4285714285714284,1.8571428571428572,5,1,8,1.0
2024-09-01,Ph01_Z01_C01,1069,1.0,0.0,1.0,2.0,2.4285714285714284,1.7857142857142858,6,1,9,2.0
2024-09-02,Ph01_Z01_C01,1069,2.0,1.0,3.0,2.0,2.2857142857142856,1.7857142857142858,0,0,9,1.0
2024-09-03,Ph01_Z01_C01,1069,1.0,2.0,2.0,2.0,2.142857142857143,1.7142857142857142,1,0,9,0.0
2024-09-04,Ph01_Z01_C01,1069,0.0,1.0,2.0,0.0,1.8571428571428572,1.7142857142857142,2,0,9,2.0
2024-09-05,Ph01_Z01_C01,1069,2.0,0.0,4.0,2.0,1.5714285714285714,1.7142857142857142,3,0,9,4.0
2024-09-06,Ph01_Z01_C01,1069,4.0,2.0,5.0,1.0,1.4285714285714286,1.9285714285714286,4,0,9,3.0
2024-09-07,Ph01_Z01_C01,1069,3.0,4.0,0.0,0.0,1.8571428571428572,2.142857142857143,5,1,9,2.0
2024-09-08,Ph01_Z01_C01,1069,2.0,3.0,1.0,1.0,2.0,2.2142857142857144,6,1,9,1.0
2024-09-09,Ph01_Z01_C01,1069,1.0,2.0,2.0,3.0,1.8571428571428572,2.0714285714285716,0,0,9,3.0
2024-09-10,Ph01_Z01_C01,1069,3.0,1.0,1.0,2.0,2.142857142857143,2.142857142857143,1,0,9,1.0
2024-09-11,Ph01_Z01_C01,1069,1.0,3.0,0.0,2.0,2.2857142857142856,2.0714285714285716,2,0,9,1.0
2024-09-12,Ph01_Z01_C01,1069,1.0,1.0,2.0,4.0,2.142857142857143,1.8571428571428572,3,0,9,1.0
2024-09-13,Ph01_Z01_C01,1069,1.0,1.0,4.0,5.0,1.7142857142857142,1.5714285714285714,4,0,9,3.0
2024-09-14,Ph01_Z01_C01,1069,3.0,1.0,3.0,0.0,1.7142857142857142,1.7857142857142858,5,1,9,3.0
2024-09-15,Ph01_Z01_C01,1069,3.0,3.0,2.0,1.0,1.8571428571428572,1.9285714285714286,6,1,9,1.0
2024-09-16,Ph01_Z01_C01,1069,1.0,3.0,1.0,2.0,1.8571428571428572,1.8571428571428572,0,0,9,1.0
2024-09-17,Ph01_Z01_C01,1069,1.0,1.0,3.0,1.0,1.5714285714285714,1.8571428571428572,1,0,9,0.0
2024-09-18,Ph01_Z01_C01,1069,0.0,1.0,1.0,0.0,1.4285714285714286,1.8571428571428572,2,0,9,1.0
2024-09-19,Ph01_Z01_C01,1069,1.0,0.0,1.0,2.0,1.4285714285714286,1.7857142857142858,3,0,9,2.0
2024-09-20,Ph01_Z01_C01,1069,2.0,1.0,1.0,4.0,1.5714285714285714,1.6428571428571428,4,0,9,1.0
2024-09-21,Ph01_Z01_C01,1069,1.0,2.0,3.0,3.0,1.2857142857142858,1.5,5,1,9,2.0
2024-09-22,Ph01_Z01_C01,1069,2.0,1.0,3.0,2.0,1.1428571428571428,1.5,6,1,9,0.0
2024-09-23,Ph01_Z01_C01,1069,0.0,2.0,1.0,1.0,1.0,1.4285714285714286,0,0,9,1.0
2024-09-24,Ph01_Z01_C01,1069,1.0,0.0,1.0,3.0,1.0,1.2857142857142858,1,0,9,3.0
2024-09-25,Ph01_Z01_C01,1069,3.0,1.0,0.0,1.0,1.4285714285714286,1.4285714285714286,2,0,9,4.0
2024-09-26,Ph01_Z01_C01,1069,4.0,3.0,1.0,1.0,1.8571428571428572,1.6428571428571428,3,0,9,2.0
2024-09-27,Ph01_Z01_C01,1069,2.0,4.0,2.0,1.0,1.8571428571428572,1.7142857142857142,4,0,9,0.0
2024-09-28,Ph01_Z01_C01,1069,0.0,2.0,1.0,3.0,1.7142857142857142,1.5,5,1,9,4.0
2024-09-29,Ph01_Z01_C01,1069,4.0,0.0,2.0,3.0,2.0,1.5714285714285714,6,1,9,2.0
2024-09-30,Ph01_Z01_C01,1069,2.0,4.0,0.0,1.0,2.2857142857142856,1.6428571428571428,0,0,9,2.0
2024-10-01,Ph01_Z01_C01,1069,2.0,2.0,1.0,1.0,2.4285714285714284,1.7142857142857142,1,0,10,2.0
2024-10-02,Ph01_Z01_C01,1069,2.0,2.0,3.0,0.0,2.2857142857142856,1.8571428571428572,2,0,10,1.0
2024-10-03,Ph01_Z01_C01,1069,1.0,2.0,4.0,1.0,1.8571428571428572,1.8571428571428572,3,0,10,2.0
2024-10-04,Ph01_Z01_C01,1069,2.0,1.0,2.0,2.0,1.8571428571428572,1.8571428571428572,4,0,10,1.0
2024-10-05,Ph01_Z01_C01,1069,1.0,2.0,0.0,1.0,2.0,1.8571428571428572,5,1,10,1.0
2024-10-06,Ph01_Z01_C01,1069,1.0,1.0,4.0,2.0,1.5714285714285714,1.7857142857142858,6,1,10,1.0
2024-10-07,Ph01_Z01_C01,1069,1.0,1.0,2.0,0.0,1.4285714285714286,1.8571428571428572,0,0,10,2.0
2024-10-08,Ph01_Z01_C01,1069,2.0,1.0,2.0,1.0,1.4285714285714286,1.9285714285714286,1,0,10,0.0
2024-10-09,Ph01_Z01_C01,1069,0.0,2.0,2.0,3.0,1.1428571428571428,1.7142857142857142,2,0,10,3.0
2024-10-10,Ph01_Z01_C01,1069,3.0,0.0,1.0,4.0,1.4285714285714286,1.6428571428571428,3,0,10,4.0
2024-10-11,Ph01_Z01_C01,1069,4.0,3.0,2.0,2.0,1.7142857142857142,1.7857142857142858,4,0,10,2.0
2024-10-12,Ph01_Z01_C01,1069,2.0,4.0,1.0,0.0,1.8571428571428572,1.9285714285714286,5,1,10,2.0
2024-10-13,Ph01_Z01_C01,1069,2.0,2.0,1.0,4.0,2.0,1.7857142857142858,6,1,10,1.0
2024-10-14,Ph01_Z01_C01,1069,1.0,2.0,1.0,2.0,2.0,1.7142857142857142,0,0,10,2.0
2024-10-15,Ph01_Z01_C01,1069,2.0,1.0,2.0,2.0,2.0,1.7142857142857142,1,0,10,2.0
2024-10-16,Ph01_Z01_C01,1069,2.0,2.0,0.0,2.0,2.2857142857142856,1.7142857142857142,2,0,10,1.0
2024-10-17,Ph01_Z01_C01,1069,1.0,2.0,3.0,1.0,2.0,1.7142857142857142,3,0,10,1.0
2024-10-18,Ph01_Z01_C01,1069,1.0,1.0,4.0,2.0,1.5714285714285714,1.6428571428571428,4,0,10,1.0
2024-10-19,Ph01_Z01_C01,1069,1.0,1.0,2.0,1.0,1.4285714285714286,1.6428571428571428,5,1,10,1.0
2024-10-20,Ph01_Z01_C01,1069,1.0,1.0,2.0,1.0,1.2857142857142858,1.6428571428571428,6,1,10,3.0
2024-10-21,Ph01_Z01_C01,1069,3.0,1.0,1.0,1.0,1.5714285714285714,1.7857142857142858,0,0,10,1.0
2024-10-22,Ph01_Z01_C01,1069,1.0,3.0,2.0,2.0,1.4285714285714286,1.7142857142857142,1,0,10,2.0
2024-10-23,Ph01_Z01_C01,1069,2.0,1.0,2.0,0.0,1.4285714285714286,1.8571428571428572,2,0,10,1.0
2024-10-24,Ph01_Z01_C01,1069,1.0,2.0,1.0,3.0,1.4285714285714286,1.7142857142857142,3,0,10,1.0
2024-10-25,Ph01_Z01_C01,1069,1.0,1.0,1.0,4.0,1.4285714285714286,1.5,4,0,10,3.0
2024-10-26,Ph01_Z01_C01,1069,3.0,1.0,1.0,2.0,1.7142857142857142,1.5714285714285714,5,1,10,2.0
2024-10-27,Ph01_Z01_C01,1069,2.0,3.0,1.0,2.0,1.8571428571428572,1.5714285714285714,6,1,10,0.0
2024-10-28,Ph01_Z01_C01,1069,0.0,2.0,3.0,1.0,1.4285714285714286,1.5,0,0,10,1.0
2024-10-29,Ph01_Z01_C01,1069,1.0,0.0,1.0,2.0,1.4285714285714286,1.4285714285714286,1,0,10,3.0
2024-10-30,Ph01_Z01_C01,1069,3.0,1.0,2.0,2.0,1.5714285714285714,1.5,2,0,10,0.0
2024-10-31,Ph01_Z01_C01,1069,0.0,3.0,1.0,1.0,1.4285714285714286,1.4285714285714286,3,0,10,1.0
2024-01-05,Ph01_Z01_C01,2759,1.0,0.0,0.0,0.0,1.0,1.0,4,0,1,0.0
2024-01-06,Ph01_Z01_C01,2759,0.0,1.0,0.0,0.0,0.5,0.5,5,1,1,0.0
2024-01-07,Ph01_Z01_C01,2759,0.0,0.0,0.0,0.0,0.3333333333333333,0.3333333333333333,6,1,1,0.0
2024-01-08,Ph01_Z01_C01,2759,0.0,0.0,0.0,0.0,0.25,0.25,0,0,1,0.0
2024-01-09,Ph01_Z01_C01,2759,0.0,0.0,0.0,0.0,0.2,0.2,1,0,1,0.0
2024-01-10,Ph01_Z01_C01,2759,0.0,0.0,0.0,0.0,0.16666666666666666,0.16666666666666666,2,0,1,2.0
2024-01-11,Ph01_Z01_C01,2759,2.0,0.0,0.0,0.0,0.42857142857142855,0.42857142857142855,3,0,1,3.0
2024-01-12,Ph01_Z01_C01,2759,3.0,2.0,1.0,0.0,0.7142857142857143,0.75,4,0,1,0.0
2024-01-13,Ph01_Z01_C01,2759,0.0,3.0,0.0,0.0,0.7142857142857143,0.6666666666666666,5,1,1,0.0
2024-01-14,Ph01_Z01_C01,2759,0.0,0.0,0.0,0.0,0.7142857142857143,0.6,6,1,1,0.0
2024-01-15,Ph01_Z01_C01,2759,0.0,0.0,0.0,0.0,0.7142857142857143,0.5454545454545454,0,0,1,0.0
2024-01-16,Ph01_Z01_C01,2759,0.0,0.0,0.0,0.0,0.7142857142857143,0.5,1,0,1,0.0
2024-01-17,Ph01_Z01_C01,2759,0.0,0.0,0.0,0.0,0.7142857142857143,0.46153846153846156,2,0,1,0.0
2024-01-18,Ph01_Z01_C01,2759,0.0,0.0,2.0,0.0,0.42857142857142855,0.42857142857142855,3,0,1,0.0
2024-01-19,Ph01_Z01_C01,2759,0.0,0.0,3.0,1.0,0.0,0.35714285714285715,4,0,1,0.0
2024-01-20,Ph01_Z01_C01,2759,0.0,0.0,0.0,0.0,0.0,0.35714285714285715,5,1,1,0.0
2024-01-21,Ph01_Z01_C01,2759,0.0,0.0,0.0,0.0,0.0,0.35714285714285715,6,1,1,0.0
2024-01-22,Ph01_Z01_C01,2759,0.0,0.0,0.0,0.0,0.0,0.35714285714285715,0,0,1,0.0
2024-01-23,Ph01_Z01_C01,2759,0.0,0.0,0.0,0.0,0.0,0.35714285714285715,1,0,1,3.0
2024-01-24,Ph01_Z01_C01,2759,3.0,0.0,0.0,0.0,0.42857142857142855,0.5714285714285714,2,0,1,0.0
2024-01-25,Ph01_Z01_C01,2759,0.0,3.0,0.0,2.0,0.42857142857142855,0.42857142857142855,3,0,1,0.0
2024-01-26,Ph01_Z01_C01,2759,0.0,0.0,0.0,3.0,0.42857142857142855,0.21428571428571427,4,0,1,0.0
2024-01-27,Ph01_Z01_C01,2759,0.0,0.0,0.0,0.0,0.42857142857142855,0.21428571428571427,5,1,1,0.0
2024-01-28,Ph01_Z01_C01,2759,0.0,0.0,0.0,0.0,0.42857142857142855,0.21428571428571427,6,1,1,0.0
2024-01-29,Ph01_Z01_C01,2759,0.0,0.0,0.0,0.0,0.42857142857142855,0.21428571428571427,0,0,1,0.0
2024-01-30,Ph01_Z01_C01,2759,0.0,0.0,0.0,0.0,0.42857142857142855,0.21428571428571427,1,0,1,0.0
2024-01-31,Ph01_Z01_C01,2759,0.0,0.0,3.0,0.0,0.0,0.21428571428571427,2,0,1,0.0
2024-02-01,Ph01_Z01_C01,2759,0.0,0.0,0.0,0.0,0.0,0.21428571428571427,3,0,2,0.0
2024-02-02,Ph01_Z01_C01,2759,0.0,0.0,0.0,0.0,0.0,0.21428571428571427,4,0,2,0.0
2024-02-03,Ph01_Z01_C01,2759,0.0,0.0,0.0,0.0,0.0,0.21428571428571427,5,1,2,0.0
2024-02-04,Ph01_Z01_C01,2759,0.0,0.0,0.0,0.0,0.0,0.21428571428571427,6,1,2,0.0
2024-02-05,Ph01_Z01_C01,2759,0.0,0.0,0.0,0.0,0.0,0.21428571428571427,0,0,2,0.0
2024-02-06,Ph01_Z01_C01,2759,0.0,0.0,0.0,0.0,0.0,0.21428571428571427,1,0,2,0.0
2024-02-07,Ph01_Z01_C01,2759,0.0,0.0,0.0,3.0,0.0,0.0,2,0,2,0.0
2024-02-08,Ph01_Z01_C01,2759,0.0,0.0,0.0,0.0,0.0,0.0,3,0,2,0.0
2024-02-09,Ph01_Z01_C01,2759,0.0,0.0,0.0,0.0,0.0,0.0,4,0,2,5.0
2024-02-10,Ph01_Z01_C01,2759,5.0,0.0,0.0,0.0,0.7142857142857143,0.35714285714285715,5,1,2,14.0
2024-02-11,Ph01_Z01_C01,2759,14.0,5.0,0.0,0.0,2.7142857142857144,1.3571428571428572,6,1,2,0.0
2024-02-12,Ph01_Z01_C01,2759,0.0,14.0,0.0,0.0,2.7142857142857144,1.3571428571428572,0,0,2,0.0
2024-02-13,Ph01_Z01_C01,2759,0.0,0.0,0.0,0.0,2.7142857142857144,1.3571428571428572,1,0,2,1.0
2024-02-14,Ph01_Z01_C01,2759,1.0,0.0,0.0,0.0,2.857142857142857,1.4285714285714286,2,0,2,0.0
2024-02-15,Ph01_Z01_C01,2759,0.0,1.0,0.0,0.0,2.857142857142857,1.4285714285714286,3,0,2,0.0
2024-02-16,Ph01_Z01_C01,2759,0.0,0.0,0.0,0.0,2.857142857142857,1.4285714285714286,4,0,2,0.0
2024-02-17,Ph01_Z01_C01,2759,0.0,0.0,5.0,0.0,2.142857142857143,1.4285714285714286,5,1,2,5.0
2024-02-18,Ph01_Z01_C01,2759,5.0,0.0,14.0,0.0,0.8571428571428571,1.7857142857142858,6,1,2,0.0
2024-02-19,Ph01_Z01_C01,2759,0.0,5.0,0.0,0.0,0.8571428571428571,1.7857142857142858,0,0,2,4.0
2024-02-20,Ph01_Z01_C01,2759,4.0,0.0,0.0,0.0,1.4285714285714286,2.0714285714285716,1,0,2,0.0
2024-02-21,Ph01_Z01_C01,2759,0.0,4.0,1.0,0.0,1.2857142857142858,2.0714285714285716,2,0,2,0.0
2024-02-22,Ph01_Z01_C01,2759,0.0,0.0,0.0,0.0,1.2857142857142858,2.0714285714285716,3,0,2,0.0
2024-02-23,Ph01_Z01_C01,2759,0.0,0.0,0.0,0.0,1.2857142857142858,2.0714285714285716,4,0,2,0.0
2024-02-24,Ph01_Z01_C01,2759,0.0,0.0,0.0,5.0,1.2857142857142858,1.7142857142857142,5,1,2,0.0
2024-02-25,Ph01_Z01_C01,2759,0.0,0.0,5.0,14.0,0.5714285714285714,0.7142857142857143,6,1,2,0.0
2024-02-26,Ph01_Z01_C01,2759,0.0,0.0,0.0,0.0,0.5714285714285714,0.7142857142857143,0,0,2,0.0
2024-02-27,Ph01_Z01_C01,2759,0.0,0.0,4.0,0.0,0.0,0.7142857142857143,1,0,2,0.0
2024-02-28,Ph01_Z01_C01,2759,0.0,0.0,0.0,1.0,0.0,0.6428571428571429,2,0,2,6.0
2024-02-29,Ph01_Z01_C01,2759,6.0,0.0,0.0,0.0,0.8571428571428571,1.0714285714285714,3,0,2,0.0
2024-03-01,Ph01_Z01_C01,2759,0.0,6.0,0.0,0.0,0.8571428571428571,1.0714285714285714,4,0,3,0.0
2024-03-02,Ph01_Z01_C01,2759,0.0,0.0,0.0,0.0,0.8571428571428571,1.0714285714285714,5,1,3,0.0
2024-03-03,Ph01_Z01_C01,2759,0.0,0.0,0.0,5.0,0.8571428571428571,0.7142857142857143,6,1,3,0.0
2024-03-04,Ph01_Z01_C01,2759,0.0,0.0,0.0,0.0,0.8571428571428571,0.7142857142857143,0,0,3,2.0
2024-03-05,Ph01_Z01_C01,2759,2.0,0.0,0.0,4.0,1.1428571428571428,0.5714285714285714,1,0,3,0.0
2024-03-06,Ph01_Z01_C01,2759,0.0,2.0,0.0,0.0,1.1428571428571428,0.5714285714285714,2,0,3,4.0
2024-03-07,Ph01_Z01_C01,2759,4.0,0.0,6.0,0.0,0.8571428571428571,0.8571428571428571,3,0,3,3.0
2024-03-08,Ph01_Z01_C01,2759,3.0,4.0,0.0,0.0,1.2857142857142858,1.0714285714285714,4,0,3,0.0
2024-03-09,Ph01_Z01_C01,2759,0.0,3.0,0.0,0.0,1.2857142857142858,1.0714285714285714,5,1,3,10.0
2024-03-10,Ph01_Z01_C01,2759,10.0,0.0,0.0,0.0,2.7142857142857144,1.7857142857142858,6,1,3,0.0
2024-03-11,Ph01_Z01_C01,2759,0.0,10.0,0.0,0.0,2.7142857142857144,1.7857142857142858,0,0,3,0.0
2024-03-12,Ph01_Z01_C01,2759,0.0,0.0,2.0,0.0,2.4285714285714284,1.7857142857142858,1,0,3,0.0
2024-03-13,Ph01_Z01_C01,2759,0.0,0.0,0.0,0.0,2.4285714285714284,1.7857142857142858,2,0,3,0.0
2024-03-14,Ph01_Z01_C01,2759,0.0,0.0,4.0,6.0,1.8571428571428572,1.3571428571428572,3,0,3,4.0
2024-03-15,Ph01_Z01_C01,2759,4.0,0.0,3.0,0.0,2.0,1.6428571428571428,4,0,3,0.0
2024-03-16,Ph01_Z01_C01,2759,0.0,4.0,0.0,0.0,2.0,1.6428571428571428,5,1,3,0.0
2024-03-17,Ph01_Z01_C01,2759,0.0,0.0,10.0,0.0,0.5714285714285714,1.6428571428571428,6,1,3,0.0
2024-03-18,Ph01_Z01_C01,2759,0.0,0.0,0.0,0.0,0.5714285714285714,1.6428571428571428,0,0,3,0.0
2024-03-19,Ph01_Z01_C01,2759,0.0,0.0,0.0,2.0,0.5714285714285714,1.5,1,0,3,0.0
2024-03-20,Ph01_Z01_C01,2759,0.0,0.0,0.0,0.0,0.5714285714285714,1.5,2,0,3,0.0
2024-03-21,Ph01_Z01_C01,2759,0.0,0.0,0.0,4.0,0.5714285714285714,1.2142857142857142,3,0,3,5.0
2024-03-22,Ph01_Z01_C01,2759,5.0,0.0,4.0,3.0,0.7142857142857143,1.3571428571428572,4,0,3,0.0
2024-03-23,Ph01_Z01_C01,2759,0.0,5.0,0.0,0.0,0.7142857142857143,1.3571428571428572,5,1,3,0.0
2024-03-24,Ph01_Z01_C01,2759,0.0,0.0,0.0,10.0,0.7142857142857143,0.6428571428571429,6,1,3,0.0
2024-03-25,Ph01_Z01_C01,2759,0.0,0.0,0.0,0.0,0.7142857142857143,0.6428571428571429,0,0,3,0.0
2024-03-26,Ph01_Z01_C01,2759,0.0,0.0,0.0,0.0,0.7142857142857143,0.6428571428571429,1,0,3,0.0
2024-03-27,Ph01_Z01_C01,2759,0.0,0.0,0.0,0.0,0.7142857142857143,0.6428571428571429,2,0,3,0.0
2024-03-28,Ph01_Z01_C01,2759,0.0,0.0,0.0,0.0,0.7142857142857143,0.6428571428571429,3,0,3,10.0
2024-03-29,Ph01_Z01_C01,2759,10.0,0.0,5.0,4.0,1.4285714285714286,1.0714285714285714,4,0,3,3.0
2024-03-30,Ph01_Z01_C01,2759,3.0,10.0,0.0,0.0,1.8571428571428572,1.2857142857142858,5,1,3,0.0
2024-03-31,Ph01_Z01_C01,2759,0.0,3.0,0.0,0.0,1.8571428571428572,1.2857142857142858,6,1,3,4.0
2024-04-01,Ph01_Z01_C01,2759,4.0,0.0,0.0,0.0,2.4285714285714284,1.5714285714285714,0,0,4,0.0
2024-04-02,Ph01_Z01_C01,2759,0.0,4.0,0.0,0.0,2.4285714285714284,1.5714285714285714,1,0,4,0.0
2024-04-03,Ph01_Z01_C01,2759,0.0,0.0,0.0,0.0,2.4285714285714284,1.5714285714285714,2,0,4,3.0
2024-04-04,Ph01_Z01_C01,2759,3.0,0.0,0.0,0.0,2.857142857142857,1.7857142857142858,3,0,4,0.0
2024-04-05,Ph01_Z01_C01,2759,0.0,3.0,10.0,5.0,1.4285714285714286,1.4285714285714286,4,0,4,0.0
2024-04-06,Ph01_Z01_C01,2759,0.0,0.0,3.0,0.0,1.0,1.4285714285714286,5,1,4,0.0
2024-04-07,Ph01_Z01_C01,2759,0.0,0.0,0.0,0.0,1.0,1.4285714285714286,6,1,4,0.0
2024-04-08,Ph01_Z01_C01,2759,0.0,0.0,4.0,0.0,0.42857142857142855,1.4285714285714286,0,0,4,0.0
2024-04-09,Ph01_Z01_C01,2759,0.0,0.0,0.0,0.0,0.42857142857142855,1.4285714285714286,1,0,4,0.0
2024-04-10,Ph01_Z01_C01,2759,0.0,0.0,0.0,0.0,0.42857142857142855,1.4285714285714286,2,0,4,0.0
2024-04-11,Ph01_Z01_C01,2759,0.0,0.0,3.0,0.0,0.0,1.4285714285714286,3,0,4,12.0
2024-04-12,Ph01_Z01_C01,2759,12.0,0.0,0.0,10.0,1.7142857142857142,1.5714285714285714,4,0,4,3.0
2024-04-13,Ph01_Z01_C01,2759,3.0,12.0,0.0,3.0,2.142857142857143,1.5714285714285714,5,1,4,0.0
2024-04-14,Ph01_Z01_C01,2759,0.0,3.0,0.0,0.0,2.142857142857143,1.5714285714285714,6,1,4,0.0
2024-04-15,Ph01_Z01_C01,2759,0.0,0.0,0.0,4.0,2.142857142857143,1.2857142857142858,0,0,4,0.0
2024-04-16,Ph01_Z01_C01,2759,0.0,0.0,0.0,0.0,2.142857142857143,1.2857142857142858,1,0,4,0.0
2024-04-17,Ph01_Z01_C01,2759,0.0,0.0,0.0,0.0,2.142857142857143,1.2857142857142858,2,0,4,0.0
2024-04-18,Ph01_Z01_C01,2759,0.0,0.0,0.0,3.0,2.142857142857143,1.0714285714285714,3,0,4,0.0
2024-04-19,Ph01_Z01_C01,2759,0.0,0.0,12.0,0.0,0.42857142857142855,1.0714285714285714,4,0,4,0.0
2024-04-20,Ph01_Z01_C01,2759,0.0,0.0,3.0,0.0,0.0,1.0714285714285714,5,1,4,0.0
2024-04-21,Ph01_Z01_C01,2759,0.0,0.0,0.0,0.0,0.0,1.0714285714285714,6,1,4,0.0
2024-04-22,Ph01_Z01_C01,2759,0.0,0.0,0.0,0.0,0.0,1.0714285714285714,0,0,4,0.0
2024-04-23,Ph01_Z01_C01,2759,0.0,0.0,0.0,0.0,0.0,1.0714285714285714,1,0,4,0.0
2024-04-24,Ph01_Z01_C01,2759,0.0,0.0,0.0,0.0,0.0,1.0714285714285714,2,0,4,0.0
2024-04-25,Ph01_Z01_C01,2759,0.0,0.0,0.0,0.0,0.0,1.0714285714285714,3,0,4,1.0
2024-04-26,Ph01_Z01_C01,2759,1.0,0.0,0.0,12.0,0.14285714285714285,0.2857142857142857,4,0,4,0.0
2024-04-27,Ph01_Z01_C01,2759,0.0,1.0,0.0,3.0,0.14285714285714285,0.07142857142857142,5,1,4,0.0
2024-04-28,Ph01_Z01_C01,2759,0.0,0.0,0.0,0.0,0.14285714285714285,0.07142857142857142,6,1,4,0.0
2024-04-29,Ph01_Z01_C01,2759,0.0,0.0,0.0,0.0,0.14285714285714285,0.07142857142857142,0,0,4,0.0
2024-04-30,Ph01_Z01_C01,2759,0.0,0.0,0.0,0.0,0.14285714285714285,0.07142857142857142,1,0,4,2.0
2024-05-01,Ph01_Z01_C01,2759,2.0,0.0,0.0,0.0,0.42857142857142855,0.21428571428571427,2,0,5,0.0
2024-05-02,Ph01_Z01_C01,2759,0.0,2.0,0.0,0.0,0.42857142857142855,0.21428571428571427,3,0,5,0.0
2024-05-03,Ph01_Z01_C01,2759,0.0,0.0,1.0,0.0,0.2857142857142857,0.21428571428571427,4,0,5,0.0
2024-05-04,Ph01_Z01_C01,2759,0.0,0.0,0.0,0.0,0.2857142857142857,0.21428571428571427,5,1,5,0.0
2024-05-05,Ph01_Z01_C01,2759,0.0,0.0,0.0,0.0,0.2857142857142857,0.21428571428571427,6,1,5,0.0
2024-05-06,Ph01_Z01_C01,2759,0.0,0.0,0.0,0.0,0.2857142857142857,0.21428571428571427,0,0,5,0.0
2024-05-07,Ph01_Z01_C01,2759,0.0,0.0,0.0,0.0,0.2857142857142857,0.21428571428571427,1,0,5,0.0
2024-05-08,Ph01_Z01_C01,2759,0.0,0.0,2.0,0.0,0.0,0.21428571428571427,2,0,5,0.0
2024-05-09,Ph01_Z01_C01,2759,0.0,0.0,0.0,0.0,0.0,0.21428571428571427,3,0,5,0.0
2024-05-10,Ph01_Z01_C01,2759,0.0,0.0,0.0,1.0,0.0,0.14285714285714285,4,0,5,0.0
2024-05-11,Ph01_Z01_C01,2759,0.0,0.0,0.0,0.0,0.0,0.14285714285714285,5,1,5,0.0
2024-05-12,Ph01_Z01_C01,2759,0.0,0.0,0.0,0.0,0.0,0.14285714285714285,6,1,5,3.0
2024-05-13,Ph01_Z01_C01,2759,3.0,0.0,0.0,0.0,0.42857142857142855,0.35714285714285715,0,0,5,13.0
2024-05-14,Ph01_Z01_C01,2759,13.0,3.0,0.0,0.0,2.2857142857142856,1.2857142857142858,1,0,5,0.0
2024-05-15,Ph01_Z01_C01,2759,0.0,13.0,0.0,2.0,2.2857142857142856,1.1428571428571428,2,0,5,0.0
2024-05-16,Ph01_Z01_C01,2759,0.0,0.0,0.0,0.0,2.2857142857142856,1.1428571428571428,3,0,5,0.0
2024-05-17,Ph01_Z01_C01,2759,0.0,0.0,0.0,0.0,2.2857142857142856,1.1428571428571428,4,0,5,0.0
2024-05-18,Ph01_Z01_C01,2759,0.0,0.0,0.0,0.0,2.2857142857142856,1.1428571428571428,5,1,5,0.0
2024-05-19,Ph01_Z01_C01,2759,0.0,0.0,0.0,0.0,2.2857142857142856,1.1428571428571428,6,1,5,0.0
2024-05-20,Ph01_Z01_C01,2759,0.0,0.0,3.0,0.0,1.8571428571428572,1.1428571428571428,0,0,5,0.0
2024-05-21,Ph01_Z01_C01,2759,0.0,0.0,13.0,0.0,0.0,1.1428571428571428,1,0,5,10.0
2024-05-22,Ph01_Z01_C01,2759,10.0,0.0,0.0,0.0,1.4285714285714286,1.8571428571428572,2,0,5,0.0
2024-05-23,Ph01_Z01_C01,2759,0.0,10.0,0.0,0.0,1.4285714285714286,1.8571428571428572,3,0,5,0.0
2024-05-24,Ph01_Z01_C01,2759,0.0,0.0,0.0,0.0,1.4285714285714286,1.8571428571428572,4,0,5,5.0
2024-05-25,Ph01_Z01_C01,2759,5.0,0.0,0.0,0.0,2.142857142857143,2.2142857142857144,5,1,5,0.0
2024-05-26,Ph01_Z01_C01,2759,0.0,5.0,0.0,0.0,2.142857142857143,2.2142857142857144,6,1,5,0.0
2024-05-27,Ph01_Z01_C01,2759,0.0,0.0,0.0,3.0,2.142857142857143,2.0,0,0,5,0.0
2024-05-28,Ph01_Z01_C01,2759,0.0,0.0,0.0,13.0,2.142857142857143,1.0714285714285714,1,0,5,0.0
2024-05-29,Ph01_Z01_C01,2759,0.0,0.0,10.0,0.0,0.7142857142857143,1.0714285714285714,2,0,5,0.0
2024-05-30,Ph01_Z01_C01,2759,0.0,0.0,0.0,0.0,0.7142857142857143,1.0714285714285714,3,0,5,0.0
2024-05-31,Ph01_Z01_C01,2759,0.0,0.0,0.0,0.0,0.7142857142857143,1.0714285714285714,4,0,5,8.0
2024-06-01,Ph01_Z01_C01,2759,8.0,0.0,5.0,0.0,1.1428571428571428,1.6428571428571428,5,1,6,0.0
2024-06-02,Ph01_Z01_C01,2759,0.0,8.0,0.0,0.0,1.1428571428571428,1.6428571428571428,6,1,6,0.0
2024-06-03,Ph01_Z01_C01,2759,0.0,0.0,0.0,0.0,1.1428571428571428,1.6428571428571428,0,0,6,0.0
2024-06-04,Ph01_Z01_C01,2759,0.0,0.0,0.0,0.0,1.1428571428571428,1.6428571428571428,1,0,6,2.0
2024-06-05,Ph01_Z01_C01,2759,2.0,0.0,0.0,10.0,1.4285714285714286,1.0714285714285714,2,0,6,4.0
2024-06-06,Ph01_Z01_C01,2759,4.0,2.0,0.0,0.0,2.0,1.3571428571428572,3,0,6,7.0
2024-06-07,Ph01_Z01_C01,2759,7.0,4.0,0.0,0.0,3.0,1.8571428571428572,4,0,6,0.0
2024-06-08,Ph01_Z01_C01,2759,0.0,7.0,8.0,5.0,1.8571428571428572,1.5,5,1,6,0.0
2024-06-09,Ph01_Z01_C01,2759,0.0,0.0,0.0,0.0,1.8571428571428572,1.5,6,1,6,0.0
2024-06-10,Ph01_Z01_C01,2759,0.0,0.0,0.0,0.0,1.8571428571428572,1.5,0,0,6,0.0
2024-06-11,Ph01_Z01_C01,2759,0.0,0.0,0.0,0.0,1.8571428571428572,1.5,1,0,6,0.0
2024-06-12,Ph01_Z01_C01,2759,0.0,0.0,2.0,0.0,1.5714285714285714,1.5,2,0,6,0.0
2024-06-13,Ph01_Z01_C01,2759,0.0,0.0,4.0,0.0,1.0,1.5,3,0,6,0.0
2024-06-14,Ph01_Z01_C01,2759,0.0,0.0,7.0,0.0,0.0,1.5,4,0,6,0.0
2024-06-15,Ph01_Z01_C01,2759,0.0,0.0,0.0,8.0,0.0,0.9285714285714286,5,1,6,0.0
2024-06-16,Ph01_Z01_C01,2759,0.0,0.0,0.0,0.0,0.0,0.9285714285714286,6,1,6,0.0
2024-06-17,Ph01_Z01_C01,2759,0.0,0.0,0.0,0.0,0.0,0.9285714285714286,0,0,6,0.0
2024-06-18,Ph01_Z01_C01,2759,0.0,0.0,0.0,0.0,0.0,0.9285714285714286,1,0,6,0.0
2024-06-19,Ph01_Z01_C01,2759,0.0,0.0,0.0,2.0,0.0,0.7857142857142857,2,0,6,0.0
2024-06-20,Ph01_Z01_C01,2759,0.0,0.0,0.0,4.0,0.0,0.5,3,0,6,0.0
2024-06-21,Ph01_Z01_C01,2759,0.0,0.0,0.0,7.0,0.0,0.0,4,0,6,0.0
2024-06-22,Ph01_Z01_C01,2759,0.0,0.0,0.0,0.0,0.0,0.0,5,1,6,16.0
2024-06-23,Ph01_Z01_C01,2759,16.0,0.0,0.0,0.0,2.2857142857142856,1.1428571428571428,6,1,6,0.0
2024-06-24,Ph01_Z01_C01,2759,0.0,16.0,0.0,0.0,2.2857142857142856,1.1428571428571428,0,0,6,0.0
2024-06-25,Ph01_Z01_C01,2759,0.0,0.0,0.0,0.0,2.2857142857142856,1.1428571428571428,1,0,6,0.0
2024-06-26,Ph01_Z01_C01,2759,0.0,0.0,0.0,0.0,2.2857142857142856,1.1428571428571428,2,0,6,0.0
2024-06-27,Ph01_Z01_C01,2759,0.0,0.0,0.0,0.0,2.2857142857142856,1.1428571428571428,3,0,6,0.0
2024-06-28,Ph01_Z01_C01,2759,0.0,0.0,0.0,0.0,2.2857142857142856,1.1428571428571428,4,0,6,0.0
2024-06-29,Ph01_Z01_C01,2759,0.0,0.0,0.0,0.0,2.2857142857142856,1.1428571428571428,5,1,6,0.0
2024-06-30,Ph01_Z01_C01,2759,0.0,0.0,16.0,0.0,0.0,1.1428571428571428,6,1,6,1.0
2024-07-01,Ph01_Z01_C01,2759,1.0,0.0,0.0,0.0,0.14285714285714285,1.2142857142857142,0,0,7,8.0
2024-07-02,Ph01_Z01_C01,2759,8.0,1.0,0.0,0.0,1.2857142857142858,1.7857142857142858,1,0,7,0.0
2024-07-03,Ph01_Z01_C01,2759,0.0,8.0,0.0,0.0,1.2857142857142858,1.7857142857142858,2,0,7,0.0
2024-07-04,Ph01_Z01_C01,2759,0.0,0.0,0.0,0.0,1.2857142857142858,1.7857142857142858,3,0,7,1.0
2024-07-05,Ph01_Z01_C01,2759,1.0,0.0,0.0,0.0,1.4285714285714286,1.8571428571428572,4,0,7,0.0
2024-07-06,Ph01_Z01_C01,2759,0.0,1.0,0.0,0.0,1.4285714285714286,1.8571428571428572,5,1,7,0.0
2024-07-07,Ph01_Z01_C01,2759,0.0,0.0,0.0,16.0,1.4285714285714286,0.7142857142857143,6,1,7,0.0
2024-07-08,Ph01_Z01_C01,2759,0.0,0.0,1.0,0.0,1.2857142857142858,0.7142857142857143,0,0,7,0.0
2024-07-09,Ph01_Z01_C01,2759,0.0,0.0,8.0,0.0,0.14285714285714285,0.7142857142857143,1,0,7,7.0
2024-07-10,Ph01_Z01_C01,2759,7.0,0.0,0.0,0.0,1.1428571428571428,1.2142857142857142,2,0,7,0.0
2024-07-11,Ph01_Z01_C01,2759,0.0,7.0,0.0,0.0,1.1428571428571428,1.2142857142857142,3,0,7,0.0
2024-07-12,Ph01_Z01_C01,2759,0.0,0.0,1.0,0.0,1.0,1.2142857142857142,4,0,7,0.0
2024-07-13,Ph01_Z01_C01,2759,0.0,0.0,0.0,0.0,1.0,1.2142857142857142,5,1,7,0.0
2024-07-14,Ph01_Z01_C01,2759,0.0,0.0,0.0,0.0,1.0,1.2142857142857142,6,1,7,0.0
2024-07-15,Ph01_Z01_C01,2759,0.0,0.0,0.0,1.0,1.0,1.1428571428571428,0,0,7,0.0
2024-07-16,Ph01_Z01_C01,2759,0.0,0.0,0.0,8.0,1.0,0.5714285714285714,1,0,7,2.0
2024-07-17,Ph01_Z01_C01,2759,2.0,0.0,7.0,0.0,0.2857142857142857,0.7142857142857143,2,0,7,0.0
2024-07-18,Ph01_Z01_C01,2759,0.0,2.0,0.0,0.0,0.2857142857142857,0.7142857142857143,3,0,7,0.0
2024-07-19,Ph01_Z01_C01,2759,0.0,0.0,0.0,1.0,0.2857142857142857,0.6428571428571429,4,0,7,0.0
2024-07-20,Ph01_Z01_C01,2759,0.0,0.0,0.0,0.0,0.2857142857142857,0.6428571428571429,5,1,7,8.0
2024-07-21,Ph01_Z01_C01,2759,8.0,0.0,0.0,0.0,1.4285714285714286,1.2142857142857142,6,1,7,0.0
2024-07-22,Ph01_Z01_C01,2759,0.0,8.0,0.0,0.0,1.4285714285714286,1.2142857142857142,0,0,7,0.0
2024-07-23,Ph01_Z01_C01,2759,0.0,0.0,0.0,0.0,1.4285714285714286,1.2142857142857142,1,0,7,0.0
2024-07-24,Ph01_Z01_C01,2759,0.0,0.0,2.0,7.0,1.1428571428571428,0.7142857142857143,2,0,7,0.0
2024-07-25,Ph01_Z01_C01,2759,0.0,0.0,0.0,0.0,1.1428571428571428,0.7142857142857143,3,0,7,0.0
2024-07-26,Ph01_Z01_C01,2759,0.0,0.0,0.0,0.0,1.1428571428571428,0.7142857142857143,4,0,7,0.0
2024-07-27,Ph01_Z01_C01,2759,0.0,0.0,0.0,0.0,1.1428571428571428,0.7142857142857143,5,1,7,0.0
2024-07-28,Ph01_Z01_C01,2759,0.0,0.0,8.0,0.0,0.0,0.7142857142857143,6,1,7,0.0
2024-07-29,Ph01_Z01_C01,2759,0.0,0.0,0.0,0.0,0.0,0.7142857142857143,0,0,7,0.0
2024-07-30,Ph01_Z01_C01,2759,0.0,0.0,0.0,0.0,0.0,0.7142857142857143,1,0,7,0.0
2024-07-31,Ph01_Z01_C01,2759,0.0,0.0,0.0,2.0,0.0,0.5714285714285714,2,0,7,1.0
2024-08-01,Ph01_Z01_C01,2759,1.0,0.0,0.0,0.0,0.14285714285714285,0.6428571428571429,3,0,8,0.0
2024-08-02,Ph01_Z01_C01,2759,0.0,1.0,0.0,0.0,0.14285714285714285,0.6428571428571429,4,0,8,0.0
2024-08-03,Ph01_Z01_C01,2759,0.0,0.0,0.0,0.0,0.14285714285714285,0.6428571428571429,5,1,8,0.0
2024-08-04,Ph01_Z01_C01,2759,0.0,0.0,0.0,8.0,0.14285714285714285,0.07142857142857142,6,1,8,7.0
2024-08-05,Ph01_Z01_C01,2759,7.0,0.0,0.0,0.0,1.1428571428571428,0.5714285714285714,0,0,8,0.0
2024-08-06,Ph01_Z01_C01,2759,0.0,7.0,0.0,0.0,1.1428571428571428,0.5714285714285714,1,0,8,0.0
2024-08-07,Ph01_Z01_C01,2759,0.0,0.0,0.0,0.0,1.1428571428571428,0.5714285714285714,2,0,8,0.0
2024-08-08,Ph01_Z01_C01,2759,0.0,0.0,1.0,0.0,1.0,0.5714285714285714,3,0,8,2.0
2024-08-09,Ph01_Z01_C01,2759,2.0,0.0,0.0,0.0,1.2857142857142858,0.7142857142857143,4,0,8,0.0
2024-08-10,Ph01_Z01_C01,2759,0.0,2.0,0.0,0.0,1.2857142857142858,0.7142857142857143,5,1,8,0.0
2024-08-11,Ph01_Z01_C01,2759,0.0,0.0,0.0,0.0,1.2857142857142858,0.7142857142857143,6,1,8,0.0
2024-08-12,Ph01_Z01_C01,2759,0.0,0.0,7.0,0.0,0.2857142857142857,0.7142857142857143,0,0,8,0.0
2024-08-13,Ph01_Z01_C01,2759,0.0,0.0,0.0,0.0,0.2857142857142857,0.7142857142857143,1,0,8,0.0
2024-08-14,Ph01_Z01_C01,2759,0.0,0.0,0.0,0.0,0.2857142857142857,0.7142857142857143,2,0,8,0.0
2024-08-15,Ph01_Z01_C01,2759,0.0,0.0,0.0,1.0,0.2857142857142857,0.6428571428571429,3,0,8,0.0
2024-08-16,Ph01_Z01_C01,2759,0.0,0.0,2.0,0.0,0.0,0.6428571428571429,4,0,8,0.0
2024-08-17,Ph01_Z01_C01,2759,0.0,0.0,0.0,0.0,0.0,0.6428571428571429,5,1,8,0.0
2024-08-18,Ph01_Z01_C01,2759,0.0,0.0,0.0,0.0,0.0,0.6428571428571429,6,1,8,0.0
2024-08-19,Ph01_Z01_C01,2759,0.0,0.0,0.0,7.0,0.0,0.14285714285714285,0,0,8,0.0
2024-08-20,Ph01_Z01_C01,2759,0.0,0.0,0.0,0.0,0.0,0.14285714285714285,1,0,8,0.0
2024-08-21,Ph01_Z01_C01,2759,0.0,0.0,0.0,0.0,0.0,0.14285714285714285,2,0,8,0.0
2024-08-22,Ph01_Z01_C01,2759,0.0,0.0,0.0,0.0,0.0,0.14285714285714285,3,0,8,0.0
2024-08-23,Ph01_Z01_C01,2759,0.0,0.0,0.0,2.0,0.0,0.0,4,0,8,0.0
2024-08-24,Ph01_Z01_C01,2759,0.0,0.0,0.0,0.0,0.0,0.0,5,1,8,0.0
2024-08-25,Ph01_Z01_C01,2759,0.0,0.0,0.0,0.0,0.0,0.0,6,1,8,3.0
2024-08-26,Ph01_Z01_C01,2759,3.0,0.0,0.0,0.0,0.42857142857142855,0.21428571428571427,0,0,8,0.0
2024-08-27,Ph01_Z01_C01,2759,0.0,3.0,0.0,0.0,0.42857142857142855,0.21428571428571427,1,0,8,0.0
2024-08-28,Ph01_Z01_C01,2759,0.0,0.0,0.0,0.0,0.42857142857142855,0.21428571428571427,2,0,8,0.0
2024-08-29,Ph01_Z01_C01,2759,0.0,0.0,0.0,0.0,0.42857142857142855,0.21428571428571427,3,0,8,0.0
2024-08-30,Ph01_Z01_C01,2759,0.0,0.0,0.0,0.0,0.42857142857142855,0.21428571428571427,4,0,8,0.0
2024-08-31,Ph01_Z01_C01,2759,0.0,0.0,0.0,0.0,0.42857142857142855,0.21428571428571427,5,1,8,0.0
2024-09-01,Ph01_Z01_C01,2759,0.0,0.0,0.0,0.0,0.42857142857142855,0.21428571428571427,6,1,9,0.0
2024-09-02,Ph01_Z01_C01,2759,0.0,0.0,3.0,0.0,0.0,0.21428571428571427,0,0,9,0.0
2024-09-03,Ph01_Z01_C01,2759,0.0,0.0,0.0,0.0,0.0,0.21428571428571427,1,0,9,0.0
2024-09-04,Ph01_Z01_C01,2759,0.0,0.0,0.0,0.0,0.0,0.21428571428571427,2,0,9,0.0
2024-09-05,Ph01_Z01_C01,2759,0.0,0.0,0.0,0.0,0.0,0.21428571428571427,3,0,9,25.0
2024-09-06,Ph01_Z01_C01,2759,25.0,0.0,0.0,0.0,3.5714285714285716,2.0,4,0,9,0.0
2024-09-07,Ph01_Z01_C01,2759,0.0,25.0,0.0,0.0,3.5714285714285716,2.0,5,1,9,0.0
2024-09-08,Ph01_Z01_C01,2759,0.0,0.0,0.0,0.0,3.5714285714285716,2.0,6,1,9,0.0
2024-09-09,Ph01_Z01_C01,2759,0.0,0.0,0.0,3.0,3.5714285714285716,1.7857142857142858,0,0,9,0.0
2024-09-10,Ph01_Z01_C01,2759,0.0,0.0,0.0,0.0,3.5714285714285716,1.7857142857142858,1,0,9,0.0
2024-09-11,Ph01_Z01_C01,2759,0.0,0.0,0.0,0.0,3.5714285714285716,1.7857142857142858,2,0,9,8.0
2024-09-12,Ph01_Z01_C01,2759,8.0,0.0,0.0,0.0,4.714285714285714,2.357142857142857,3,0,9,0.0
2024-09-13,Ph01_Z01_C01,2759,0.0,8.0,25.0,0.0,1.1428571428571428,2.357142857142857,4,0,9,5.0
2024-09-14,Ph01_Z01_C01,2759,5.0,0.0,0.0,0.0,1.8571428571428572,2.7142857142857144,5,1,9,0.0
2024-09-15,Ph01_Z01_C01,2759,0.0,5.0,0.0,0.0,1.8571428571428572,2.7142857142857144,6,1,9,0.0
2024-09-16,Ph01_Z01_C01,2759,0.0,0.0,0.0,0.0,1.8571428571428572,2.7142857142857144,0,0,9,0.0
2024-09-17,Ph01_Z01_C01,2759,0.0,0.0,0.0,0.0,1.8571428571428572,2.7142857142857144,1,0,9,0.0
2024-09-18,Ph01_Z01_C01,2759,0.0,0.0,0.0,0.0,1.8571428571428572,2.7142857142857144,2,0,9,0.0
2024-09-19,Ph01_Z01_C01,2759,0.0,0.0,8.0,0.0,0.7142857142857143,2.7142857142857144,3,0,9,0.0
2024-09-20,Ph01_Z01_C01,2759,0.0,0.0,0.0,25.0,0.7142857142857143,0.9285714285714286,4,0,9,7.0
2024-09-21,Ph01_Z01_C01,2759,7.0,0.0,5.0,0.0,1.0,1.4285714285714286,5,1,9,0.0
2024-09-22,Ph01_Z01_C01,2759,0.0,7.0,0.0,0.0,1.0,1.4285714285714286,6,1,9,0.0
2024-09-23,Ph01_Z01_C01,2759,0.0,0.0,0.0,0.0,1.0,1.4285714285714286,0,0,9,0.0
2024-09-24,Ph01_Z01_C01,2759,0.0,0.0,0.0,0.0,1.0,1.4285714285714286,1,0,9,0.0
2024-09-25,Ph01_Z01_C01,2759,0.0,0.0,0.0,0.0,1.0,1.4285714285714286,2,0,9,0.0
2024-09-26,Ph01_Z01_C01,2759,0.0,0.0,0.0,8.0,1.0,0.8571428571428571,3,0,9,2.0
2024-09-27,Ph01_Z01_C01,2759,2.0,0.0,0.0,0.0,1.2857142857142858,1.0,4,0,9,0.0
2024-09-28,Ph01_Z01_C01,2759,0.0,2.0,7.0,5.0,0.2857142857142857,0.6428571428571429,5,1,9,0.0
2024-09-29,Ph01_Z01_C01,2759,0.0,0.0,0.0,0.0,0.2857142857142857,0.6428571428571429,6,1,9,0.0
2024-09-30,Ph01_Z01_C01,2759,0.0,0.0,0.0,0.0,0.2857142857142857,0.6428571428571429,0,0,9,0.0
2024-10-01,Ph01_Z01_C01,2759,0.0,0.0,0.0,0.0,0.2857142857142857,0.6428571428571429,1,0,10,0.0
2024-10-02,Ph01_Z01_C01,2759,0.0,0.0,0.0,0.0,0.2857142857142857,0.6428571428571429,2,0,10,0.0
2024-10-03,Ph01_Z01_C01,2759,0.0,0.0,0.0,0.0,0.2857142857142857,0.6428571428571429,3,0,10,0.0
2024-10-04,Ph01_Z01_C01,2759,0.0,0.0,2.0,0.0,0.0,0.6428571428571429,4,0,10,0.0
2024-10-05,Ph01_Z01_C01,2759,0.0,0.0,0.0,7.0,0.0,0.14285714285714285,5,1,10,6.0
2024-10-06,Ph01_Z01_C01,2759,6.0,0.0,0.0,0.0,0.8571428571428571,0.5714285714285714,6,1,10,7.0
2024-10-07,Ph01_Z01_C01,2759,7.0,6.0,0.0,0.0,1.8571428571428572,1.0714285714285714,0,0,10,0.0
2024-10-08,Ph01_Z01_C01,2759,0.0,7.0,0.0,0.0,1.8571428571428572,1.0714285714285714,1,0,10,0.0
2024-10-09,Ph01_Z01_C01,2759,0.0,0.0,0.0,0.0,1.8571428571428572,1.0714285714285714,2,0,10,0.0
2024-10-10,Ph01_Z01_C01,2759,0.0,0.0,0.0,0.0,1.8571428571428572,1.0714285714285714,3,0,10,0.0
2024-10-11,Ph01_Z01_C01,2759,0.0,0.0,0.0,2.0,1.8571428571428572,0.9285714285714286,4,0,10,0.0
2024-10-12,Ph01_Z01_C01,2759,0.0,0.0,0.0,0.0,1.8571428571428572,0.9285714285714286,5,1,10,0.0
2024-10-13,Ph01_Z01_C01,2759,0.0,0.0,6.0,0.0,1.0,0.9285714285714286,6,1,10,0.0
2024-10-14,Ph01_Z01_C01,2759,0.0,0.0,7.0,0.0,0.0,0.9285714285714286,0,0,10,5.0
2024-10-15,Ph01_Z01_C01,2759,5.0,0.0,0.0,0.0,0.7142857142857143,1.2857142857142858,1,0,10,0.0
2024-10-16,Ph01_Z01_C01,2759,0.0,5.0,0.0,0.0,0.7142857142857143,1.2857142857142858,2,0,10,0.0
2024-10-17,Ph01_Z01_C01,2759,0.0,0.0,0.0,0.0,0.7142857142857143,1.2857142857142858,3,0,10,0.0
2024-10-18,Ph01_Z01_C01,2759,0.0,0.0,0.0,0.0,0.7142857142857143,1.2857142857142858,4,0,10,0.0
2024-10-19,Ph01_Z01_C01,2759,0.0,0.0,0.0,0.0,0.7142857142857143,1.2857142857142858,5,1,10,0.0
2024-10-20,Ph01_Z01_C01,2759,0.0,0.0,0.0,6.0,0.7142857142857143,0.8571428571428571,6,1,10,0.0
2024-10-21,Ph01_Z01_C01,2759,0.0,0.0,0.0,7.0,0.7142857142857143,0.35714285714285715,0,0,10,0.0
2024-10-22,Ph01_Z01_C01,2759,0.0,0.0,5.0,0.0,0.0,0.35714285714285715,1,0,10,0.0
2024-10-23,Ph01_Z01_C01,2759,0.0,0.0,0.0,0.0,0.0,0.35714285714285715,2,0,10,12.0
2024-10-24,Ph01_Z01_C01,2759,12.0,0.0,0.0,0.0,1.7142857142857142,1.2142857142857142,3,0,10,0.0
2024-10-25,Ph01_Z01_C01,2759,0.0,12.0,0.0,0.0,1.7142857142857142,1.2142857142857142,4,0,10,0.0
2024-10-26,Ph01_Z01_C01,2759,0.0,0.0,0.0,0.0,1.7142857142857142,1.2142857142857142,5,1,10,0.0
2024-10-27,Ph01_Z01_C01,2759,0.0,0.0,0.0,0.0,1.7142857142857142,1.2142857142857142,6,1,10,0.0
2024-10-28,Ph01_Z01_C01,2759,0.0,0.0,0.0,0.0,1.7142857142857142,1.2142857142857142,0,0,10,0.0
2024-10-29,Ph01_Z01_C01,2759,0.0,0.0,0.0,5.0,1.7142857142857142,0.8571428571428571,1,0,10,0.0
2024-10-30,Ph01_Z01_C01,2759,0.0,0.0,0.0,0.0,1.7142857142857142,0.8571428571428571,2,0,10,0.0
2024-10-31,Ph01_Z01_C01,2759,0.0,0.0,12.0,0.0,0.0,0.8571428571428571,3,0,10,1.0
2024-01-01,Ph01_Z01_C01,3.58291E+12,4.0,0.0,0.0,0.0,4.0,4.0,0,0,1,0.0
2024-01-02,Ph01_Z01_C01,3.58291E+12,0.0,4.0,0.0,0.0,2.0,2.0,1,0,1,1.0
2024-01-03,Ph01_Z01_C01,3.58291E+12,1.0,0.0,0.0,0.0,1.6666666666666667,1.6666666666666667,2,0,1,2.0
2024-01-04,Ph01_Z01_C01,3.58291E+12,2.0,1.0,0.0,0.0,1.75,1.75,3,0,1,0.0
2024-01-05,Ph01_Z01_C01,3.58291E+12,0.0,2.0,0.0,0.0,1.4,1.4,4,0,1,2.0
2024-01-06,Ph01_Z01_C01,3.58291E+12,2.0,0.0,0.0,0.0,1.5,1.5,5,1,1,2.0
2024-01-07,Ph01_Z01_C01,3.58291E+12,2.0,2.0,0.0,0.0,1.5714285714285714,1.5714285714285714,6,1,1,1.0
2024-01-08,Ph01_Z01_C01,3.58291E+12,1.0,2.0,4.0,0.0,1.1428571428571428,1.5,0,0,1,1.0
2024-01-09,Ph01_Z01_C01,3.58291E+12,1.0,1.0,0.0,0.0,1.2857142857142858,1.4444444444444444,1,0,1,2.0
2024-01-10,Ph01_Z01_C01,3.58291E+12,2.0,1.0,1.0,0.0,1.4285714285714286,1.5,2,0,1,5.0
2024-01-11,Ph01_Z01_C01,3.58291E+12,5.0,2.0,2.0,0.0,1.8571428571428572,1.8181818181818181,3,0,1,2.0
2024-01-12,Ph01_Z01_C01,3.58291E+12,2.0,5.0,0.0,0.0,2.142857142857143,1.8333333333333333,4,0,1,2.0
2024-01-13,Ph01_Z01_C01,3.58291E+12,2.0,2.0,2.0,0.0,2.142857142857143,1.8461538461538463,5,1,1,2.0
2024-01-14,Ph01_Z01_C01,3.58291E+12,2.0,2.0,2.0,0.0,2.142857142857143,1.8571428571428572,6,1,1,1.0
2024-01-15,Ph01_Z01_C01,3.58291E+12,1.0,2.0,1.0,4.0,2.142857142857143,1.6428571428571428,0,0,1,2.0
2024-01-16,Ph01_Z01_C01,3.58291E+12,2.0,1.0,1.0,0.0,2.2857142857142856,1.7857142857142858,1,0,1,1.0
2024-01-17,Ph01_Z01_C01,3.58291E+12,1.0,2.0,2.0,1.0,2.142857142857143,1.7857142857142858,2,0,1,10.0
2024-01-18,Ph01_Z01_C01,3.58291E+12,10.0,1.0,5.0,2.0,2.857142857142857,2.357142857142857,3,0,1,1.0
2024-01-19,Ph01_Z01_C01,3.58291E+12,1.0,10.0,2.0,0.0,2.7142857142857144,2.4285714285714284,4,0,1,1.0
2024-01-20,Ph01_Z01_C01,3.58291E+12,1.0,1.0,2.0,2.0,2.5714285714285716,2.357142857142857,5,1,1,1.0
2024-01-21,Ph01_Z01_C01,3.58291E+12,1.0,1.0,2.0,2.0,2.4285714285714284,2.2857142857142856,6,1,1,1.0
2024-01-22,Ph01_Z01_C01,3.58291E+12,1.0,1.0,1.0,1.0,2.4285714285714284,2.2857142857142856,0,0,1,1.0
2024-01-23,Ph01_Z01_C01,3.58291E+12,1.0,1.0,2.0,1.0,2.2857142857142856,2.2857142857142856,1,0,1,1.0
2024-01-24,Ph01_Z01_C01,3.58291E+12,1.0,1.0,1.0,2.0,2.2857142857142856,2.2142857142857144,2,0,1,0.0
2024-01-25,Ph01_Z01_C01,3.58291E+12,0.0,1.0,10.0,5.0,0.8571428571428571,1.8571428571428572,3,0,1,2.0
2024-01-26,Ph01_Z01_C01,3.58291E+12,2.0,0.0,1.0,2.0,1.0,1.8571428571428572,4,0,1,5.0
2024-01-27,Ph01_Z01_C01,3.58291E+12,5.0,2.0,1.0,2.0,1.5714285714285714,2.0714285714285716,5,1,1,1.0
2024-01-28,Ph01_Z01_C01,3.58291E+12,1.0,5.0,1.0,2.0,1.5714285714285714,2.0,6,1,1,0.0
2024-01-29,Ph01_Z01_C01,3.58291E+12,0.0,1.0,1.0,1.0,1.4285714285714286,1.9285714285714286,0,0,1,4.0
2024-01-30,Ph01_Z01_C01,3.58291E+12,4.0,0.0,1.0,2.0,1.8571428571428572,2.0714285714285716,1,0,1,2.0
2024-01-31,Ph01_Z01_C01,3.58291E+12,2.0,4.0,1.0,1.0,2.0,2.142857142857143,2,0,1,4.0
2024-02-01,Ph01_Z01_C01,3.58291E+12,4.0,2.0,0.0,10.0,2.5714285714285716,1.7142857142857142,3,0,2,5.0
2024-02-02,Ph01_Z01_C01,3.58291E+12,5.0,4.0,2.0,1.0,3.0,2.0,4,0,2,0.0
2024-02-03,Ph01_Z01_C01,3.58291E+12,0.0,5.0,5.0,1.0,2.2857142857142856,1.9285714285714286,5,1,2,1.0
2024-02-04,Ph01_Z01_C01,3.58291E+12,1.0,0.0,1.0,1.0,2.2857142857142856,1.9285714285714286,6,1,2,0.0
2024-02-05,Ph01_Z01_C01,3.58291E+12,0.0,1.0,0.0,1.0,2.2857142857142856,1.8571428571428572,0,0,2,1.0
2024-02-06,Ph01_Z01_C01,3.58291E+12,1.0,0.0,4.0,1.0,1.8571428571428572,1.8571428571428572,1,0,2,6.0
2024-02-07,Ph01_Z01_C01,3.58291E+12,6.0,1.0,2.0,1.0,2.4285714285714284,2.2142857142857144,2,0,2,2.0
2024-02-08,Ph01_Z01_C01,3.58291E+12,2.0,6.0,4.0,0.0,2.142857142857143,2.357142857142857,3,0,2,2.0
2024-02-09,Ph01_Z01_C01,3.58291E+12,2.0,2.0,5.0,2.0,1.7142857142857142,2.357142857142857,4,0,2,0.0
2024-02-10,Ph01_Z01_C01,3.58291E+12,0.0,2.0,0.0,5.0,1.7142857142857142,2.0,5,1,2,3.0
2024-02-11,Ph01_Z01_C01,3.58291E+12,3.0,0.0,1.0,1.0,2.0,2.142857142857143,6,1,2,2.0
2024-02-12,Ph01_Z01_C01,3.58291E+12,2.0,3.0,0.0,0.0,2.2857142857142856,2.2857142857142856,0,0,2,2.0
2024-02-13,Ph01_Z01_C01,3.58291E+12,2.0,2.0,1.0,4.0,2.4285714285714284,2.142857142857143,1,0,2,2.0
2024-02-14,Ph01_Z01_C01,3.58291E+12,2.0,2.0,6.0,2.0,1.8571428571428572,2.142857142857143,2,0,2,1.0
2024-02-15,Ph01_Z01_C01,3.58291E+12,1.0,2.0,2.0,4.0,1.7142857142857142,1.9285714285714286,3,0,2,1.0
2024-02-16,Ph01_Z01_C01,3.58291E+12,1.0,1.0,2.0,5.0,1.5714285714285714,1.6428571428571428,4,0,2,4.0
2024-02-17,Ph01_Z01_C01,3.58291E+12,4.0,1.0,0.0,0.0,2.142857142857143,1.9285714285714286,5,1,2,2.0
2024-02-18,Ph01_Z01_C01,3.58291E+12,2.0,4.0,3.0,1.0,2.0,2.0,6,1,2,2.0
2024-02-19,Ph01_Z01_C01,3.58291E+12,2.0,2.0,2.0,0.0,2.0,2.142857142857143,0,0,2,15.0
2024-02-20,Ph01_Z01_C01,3.58291E+12,15.0,2.0,2.0,1.0,3.857142857142857,3.142857142857143,1,0,2,0.0
2024-02-21,Ph01_Z01_C01,3.58291E+12,0.0,15.0,2.0,6.0,3.5714285714285716,2.7142857142857144,2,0,2,1.0
2024-02-22,Ph01_Z01_C01,3.58291E+12,1.0,0.0,1.0,2.0,3.5714285714285716,2.642857142857143,3,0,2,1.0
2024-02-23,Ph01_Z01_C01,3.58291E+12,1.0,1.0,1.0,2.0,3.5714285714285716,2.5714285714285716,4,0,2,2.0
2024-02-24,Ph01_Z01_C01,3.58291E+12,2.0,1.0,4.0,0.0,3.2857142857142856,2.7142857142857144,5,1,2,1.0
2024-02-25,Ph01_Z01_C01,3.58291E+12,1.0,2.0,2.0,3.0,3.142857142857143,2.5714285714285716,6,1,2,2.0
2024-02-26,Ph01_Z01_C01,3.58291E+12,2.0,1.0,2.0,2.0,3.142857142857143,2.5714285714285716,0,0,2,4.0
2024-02-27,Ph01_Z01_C01,3.58291E+12,4.0,2.0,15.0,2.0,1.5714285714285714,2.7142857142857144,1,0,2,1.0
2024-02-28,Ph01_Z01_C01,3.58291E+12,1.0,4.0,0.0,2.0,1.7142857142857142,2.642857142857143,2,0,2,1.0
2024-02-29,Ph01_Z01_C01,3.58291E+12,1.0,1.0,1.0,1.0,1.7142857142857142,2.642857142857143,3,0,2,6.0
2024-03-01,Ph01_Z01_C01,3.58291E+12,6.0,1.0,1.0,1.0,2.4285714285714284,3.0,4,0,3,2.0
2024-03-02,Ph01_Z01_C01,3.58291E+12,2.0,6.0,2.0,4.0,2.4285714285714284,2.857142857142857,5,1,3,1.0
2024-03-03,Ph01_Z01_C01,3.58291E+12,1.0,2.0,1.0,2.0,2.4285714285714284,2.7857142857142856,6,1,3,6.0
2024-03-04,Ph01_Z01_C01,3.58291E+12,6.0,1.0,2.0,2.0,3.0,3.0714285714285716,0,0,3,1.0
2024-03-05,Ph01_Z01_C01,3.58291E+12,1.0,6.0,4.0,15.0,2.5714285714285716,2.0714285714285716,1,0,3,3.0
2024-03-06,Ph01_Z01_C01,3.58291E+12,3.0,1.0,1.0,0.0,2.857142857142857,2.2857142857142856,2,0,3,0.0
2024-03-07,Ph01_Z01_C01,3.58291E+12,0.0,3.0,1.0,1.0,2.7142857142857144,2.2142857142857144,3,0,3,2.0
2024-03-08,Ph01_Z01_C01,3.58291E+12,2.0,0.0,6.0,1.0,2.142857142857143,2.2857142857142856,4,0,3,2.0
2024-03-09,Ph01_Z01_C01,3.58291E+12,2.0,2.0,2.0,2.0,2.142857142857143,2.2857142857142856,5,1,3,3.0
2024-03-10,Ph01_Z01_C01,3.58291E+12,3.0,2.0,1.0,1.0,2.4285714285714284,2.4285714285714284,6,1,3,3.0
2024-03-11,Ph01_Z01_C01,3.58291E+12,3.0,3.0,6.0,2.0,2.0,2.5,0,0,3,1.0
2024-03-12,Ph01_Z01_C01,3.58291E+12,1.0,3.0,1.0,4.0,2.0,2.2857142857142856,1,0,3,1.0
2024-03-13,Ph01_Z01_C01,3.58291E+12,1.0,1.0,3.0,1.0,1.7142857142857142,2.2857142857142856,2,0,3,1.0
2024-03-14,Ph01_Z01_C01,3.58291E+12,1.0,1.0,0.0,1.0,1.8571428571428572,2.2857142857142856,3,0,3,3.0
2024-03-15,Ph01_Z01_C01,3.58291E+12,3.0,1.0,2.0,6.0,2.0,2.0714285714285716,4,0,3,7.0
2024-03-16,Ph01_Z01_C01,3.58291E+12,7.0,3.0,2.0,2.0,2.7142857142857144,2.4285714285714284,5,1,3,1.0
2024-03-17,Ph01_Z01_C01,3.58291E+12,1.0,7.0,3.0,1.0,2.4285714285714284,2.4285714285714284,6,1,3,3.0
2024-03-18,Ph01_Z01_C01,3.58291E+12,3.0,1.0,3.0,6.0,2.4285714285714284,2.2142857142857144,0,0,3,0.0
2024-03-19,Ph01_Z01_C01,3.58291E+12,0.0,3.0,1.0,1.0,2.2857142857142856,2.142857142857143,1,0,3,1.0
2024-03-20,Ph01_Z01_C01,3.58291E+12,1.0,0.0,1.0,3.0,2.2857142857142856,2.0,2,0,3,3.0
2024-03-21,Ph01_Z01_C01,3.58291E+12,3.0,1.0,1.0,0.0,2.5714285714285716,2.2142857142857144,3,0,3,2.0
2024-03-22,Ph01_Z01_C01,3.58291E+12,2.0,3.0,3.0,2.0,2.4285714285714284,2.2142857142857144,4,0,3,0.0
2024-03-23,Ph01_Z01_C01,3.58291E+12,0.0,2.0,7.0,2.0,1.4285714285714286,2.0714285714285716,5,1,3,1.0
2024-03-24,Ph01_Z01_C01,3.58291E+12,1.0,0.0,1.0,3.0,1.4285714285714286,1.9285714285714286,6,1,3,3.0
2024-03-25,Ph01_Z01_C01,3.58291E+12,3.0,1.0,3.0,3.0,1.4285714285714286,1.9285714285714286,0,0,3,1.0
2024-03-26,Ph01_Z01_C01,3.58291E+12,1.0,3.0,0.0,1.0,1.5714285714285714,1.9285714285714286,1,0,3,2.0
2024-03-27,Ph01_Z01_C01,3.58291E+12,2.0,1.0,1.0,1.0,1.7142857142857142,2.0,2,0,3,2.0
2024-03-28,Ph01_Z01_C01,3.58291E+12,2.0,2.0,3.0,1.0,1.5714285714285714,2.0714285714285716,3,0,3,0.0
2024-03-29,Ph01_Z01_C01,3.58291E+12,0.0,2.0,2.0,3.0,1.2857142857142858,1.8571428571428572,4,0,3,4.0
2024-03-30,Ph01_Z01_C01,3.58291E+12,4.0,0.0,0.0,7.0,1.8571428571428572,1.6428571428571428,5,1,3,0.0
2024-03-31,Ph01_Z01_C01,3.58291E+12,0.0,4.0,1.0,1.0,1.7142857142857142,1.5714285714285714,6,1,3,6.0
2024-04-01,Ph01_Z01_C01,3.58291E+12,6.0,0.0,3.0,3.0,2.142857142857143,1.7857142857142858,0,0,4,3.0
2024-04-02,Ph01_Z01_C01,3.58291E+12,3.0,6.0,1.0,0.0,2.4285714285714284,2.0,1,0,4,0.0
2024-04-03,Ph01_Z01_C01,3.58291E+12,0.0,3.0,2.0,1.0,2.142857142857143,1.9285714285714286,2,0,4,2.0
2024-04-04,Ph01_Z01_C01,3.58291E+12,2.0,0.0,2.0,3.0,2.142857142857143,1.8571428571428572,3,0,4,5.0
2024-04-05,Ph01_Z01_C01,3.58291E+12,5.0,2.0,0.0,2.0,2.857142857142857,2.0714285714285716,4,0,4,5.0
2024-04-06,Ph01_Z01_C01,3.58291E+12,5.0,5.0,4.0,0.0,3.0,2.4285714285714284,5,1,4,2.0
2024-04-07,Ph01_Z01_C01,3.58291E+12,2.0,5.0,0.0,1.0,3.2857142857142856,2.5,6,1,4,1.0
2024-04-08,Ph01_Z01_C01,3.58291E+12,1.0,2.0,6.0,3.0,2.5714285714285716,2.357142857142857,0,0,4,2.0
2024-04-09,Ph01_Z01_C01,3.58291E+12,2.0,1.0,3.0,1.0,2.4285714285714284,2.4285714285714284,1,0,4,0.0
2024-04-10,Ph01_Z01_C01,3.58291E+12,0.0,2.0,0.0,2.0,2.4285714285714284,2.2857142857142856,2,0,4,4.0
2024-04-11,Ph01_Z01_C01,3.58291E+12,4.0,0.0,2.0,2.0,2.7142857142857144,2.4285714285714284,3,0,4,2.0
2024-04-12,Ph01_Z01_C01,3.58291E+12,2.0,4.0,5.0,0.0,2.2857142857142856,2.5714285714285716,4,0,4,2.0
2024-04-13,Ph01_Z01_C01,3.58291E+12,2.0,2.0,5.0,4.0,1.8571428571428572,2.4285714285714284,5,1,4,1.0
2024-04-14,Ph01_Z01_C01,3.58291E+12,1.0,2.0,2.0,0.0,1.7142857142857142,2.5,6,1,4,1.0
2024-04-15,Ph01_Z01_C01,3.58291E+12,1.0,1.0,1.0,6.0,1.7142857142857142,2.142857142857143,0,0,4,0.0
2024-04-16,Ph01_Z01_C01,3.58291E+12,0.0,1.0,2.0,3.0,1.4285714285714286,1.9285714285714286,1,0,4,6.0
2024-04-17,Ph01_Z01_C01,3.58291E+12,6.0,0.0,0.0,0.0,2.2857142857142856,2.357142857142857,2,0,4,1.0
2024-04-18,Ph01_Z01_C01,3.58291E+12,1.0,6.0,4.0,2.0,1.8571428571428572,2.2857142857142856,3,0,4,2.0
2024-04-19,Ph01_Z01_C01,3.58291E+12,2.0,1.0,2.0,5.0,1.8571428571428572,2.0714285714285716,4,0,4,0.0
2024-04-20,Ph01_Z01_C01,3.58291E+12,0.0,2.0,2.0,5.0,1.5714285714285714,1.7142857142857142,5,1,4,0.0
2024-04-21,Ph01_Z01_C01,3.58291E+12,0.0,0.0,1.0,2.0,1.4285714285714286,1.5714285714285714,6,1,4,2.0
2024-04-22,Ph01_Z01_C01,3.58291E+12,2.0,0.0,1.0,1.0,1.5714285714285714,1.6428571428571428,0,0,4,1.0
2024-04-23,Ph01_Z01_C01,3.58291E+12,1.0,2.0,0.0,2.0,1.7142857142857142,1.5714285714285714,1,0,4,1.0
2024-04-24,Ph01_Z01_C01,3.58291E+12,1.0,1.0,6.0,0.0,1.0,1.6428571428571428,2,0,4,1.0
2024-04-25,Ph01_Z01_C01,3.58291E+12,1.0,1.0,1.0,4.0,1.0,1.4285714285714286,3,0,4,2.0
2024-04-26,Ph01_Z01_C01,3.58291E+12,2.0,1.0,2.0,2.0,1.0,1.4285714285714286,4,0,4,3.0
2024-04-27,Ph01_Z01_C01,3.58291E+12,3.0,2.0,0.0,2.0,1.4285714285714286,1.5,5,1,4,4.0
2024-04-28,Ph01_Z01_C01,3.58291E+12,4.0,3.0,0.0,1.0,2.0,1.7142857142857142,6,1,4,3.0
2024-04-29,Ph01_Z01_C01,3.58291E+12,3.0,4.0,2.0,1.0,2.142857142857143,1.8571428571428572,0,0,4,3.0
2024-04-30,Ph01_Z01_C01,3.58291E+12,3.0,3.0,1.0,0.0,2.4285714285714284,2.0714285714285716,1,0,4,2.0
2024-05-01,Ph01_Z01_C01,3.58291E+12,2.0,3.0,1.0,6.0,2.5714285714285716,1.7857142857142858,2,0,5,5.0
2024-05-02,Ph01_Z01_C01,3.58291E+12,5.0,2.0,1.0,1.0,3.142857142857143,2.0714285714285716,3,0,5,1.0
2024-05-03,Ph01_Z01_C01,3.58291E+12,1.0,5.0,2.0,2.0,3.0,2.0,4,0,5,4.0
2024-05-04,Ph01_Z01_C01,3.58291E+12,4.0,1.0,3.0,0.0,3.142857142857143,2.2857142857142856,5,1,5,1.0
2024-05-05,Ph01_Z01_C01,3.58291E+12,1.0,4.0,4.0,0.0,2.7142857142857144,2.357142857142857,6,1,5,2.0
2024-05-06,Ph01_Z01_C01,3.58291E+12,2.0,1.0,3.0,2.0,2.5714285714285716,2.357142857142857,0,0,5,0.0
2024-05-07,Ph01_Z01_C01,3.58291E+12,0.0,2.0,3.0,1.0,2.142857142857143,2.2857142857142856,1,0,5,2.0
2024-05-08,Ph01_Z01_C01,3.58291E+12,2.0,0.0,2.0,1.0,2.142857142857143,2.357142857142857,2,0,5,2.0
2024-05-09,Ph01_Z01_C01,3.58291E+12,2.0,2.0,5.0,1.0,1.7142857142857142,2.4285714285714284,3,0,5,1.0
2024-05-10,Ph01_Z01_C01,3.58291E+12,1.0,2.0,1.0,2.0,1.7142857142857142,2.357142857142857,4,0,5,1.0
2024-05-11,Ph01_Z01_C01,3.58291E+12,1.0,1.0,4.0,3.0,1.2857142857142858,2.2142857142857144,5,1,5,0.0
2024-05-12,Ph01_Z01_C01,3.58291E+12,0.0,1.0,1.0,4.0,1.1428571428571428,1.9285714285714286,6,1,5,4.0
2024-05-13,Ph01_Z01_C01,3.58291E+12,4.0,0.0,2.0,3.0,1.4285714285714286,2.0,0,0,5,2.0
2024-05-14,Ph01_Z01_C01,3.58291E+12,2.0,4.0,0.0,3.0,1.7142857142857142,1.9285714285714286,1,0,5,6.0
2024-05-15,Ph01_Z01_C01,3.58291E+12,6.0,2.0,2.0,2.0,2.2857142857142856,2.2142857142857144,2,0,5,1.0
2024-05-16,Ph01_Z01_C01,3.58291E+12,1.0,6.0,2.0,5.0,2.142857142857143,1.9285714285714286,3,0,5,2.0
2024-05-17,Ph01_Z01_C01,3.58291E+12,2.0,1.0,1.0,1.0,2.2857142857142856,2.0,4,0,5,3.0
2024-05-18,Ph01_Z01_C01,3.58291E+12,3.0,2.0,1.0,4.0,2.5714285714285716,1.9285714285714286,5,1,5,2.0
2024-05-19,Ph01_Z01_C01,3.58291E+12,2.0,3.0,0.0,1.0,2.857142857142857,2.0,6,1,5,1.0
2024-05-20,Ph01_Z01_C01,3.58291E+12,1.0,2.0,4.0,2.0,2.4285714285714284,1.9285714285714286,0,0,5,1.0
2024-05-21,Ph01_Z01_C01,3.58291E+12,1.0,1.0,2.0,0.0,2.2857142857142856,2.0,1,0,5,2.0
2024-05-22,Ph01_Z01_C01,3.58291E+12,2.0,1.0,6.0,2.0,1.7142857142857142,2.0,2,0,5,2.0
2024-05-23,Ph01_Z01_C01,3.58291E+12,2.0,2.0,1.0,2.0,1.8571428571428572,2.0,3,0,5,1.0
2024-05-24,Ph01_Z01_C01,3.58291E+12,1.0,2.0,2.0,1.0,1.7142857142857142,2.0,4,0,5,1.0
2024-05-25,Ph01_Z01_C01,3.58291E+12,1.0,1.0,3.0,1.0,1.4285714285714286,2.0,5,1,5,2.0
2024-05-26,Ph01_Z01_C01,3.58291E+12,2.0,1.0,2.0,0.0,1.4285714285714286,2.142857142857143,6,1,5,2.0
2024-05-27,Ph01_Z01_C01,3.58291E+12,2.0,2.0,1.0,4.0,1.5714285714285714,2.0,0,0,5,1.0
2024-05-28,Ph01_Z01_C01,3.58291E+12,1.0,2.0,1.0,2.0,1.5714285714285714,1.9285714285714286,1,0,5,1.0
2024-05-29,Ph01_Z01_C01,3.58291E+12,1.0,1.0,2.0,6.0,1.4285714285714286,1.5714285714285714,2,0,5,2.0
2024-05-30,Ph01_Z01_C01,3.58291E+12,2.0,1.0,2.0,1.0,1.4285714285714286,1.6428571428571428,3,0,5,2.0
2024-05-31,Ph01_Z01_C01,3.58291E+12,2.0,2.0,1.0,2.0,1.5714285714285714,1.6428571428571428,4,0,5,0.0
2024-06-01,Ph01_Z01_C01,3.58291E+12,0.0,2.0,1.0,3.0,1.4285714285714286,1.4285714285714286,5,1,6,5.0
2024-06-02,Ph01_Z01_C01,3.58291E+12,5.0,0.0,2.0,2.0,1.8571428571428572,1.6428571428571428,6,1,6,0.0
2024-06-03,Ph01_Z01_C01,3.58291E+12,0.0,5.0,2.0,1.0,1.5714285714285714,1.5714285714285714,0,0,6,1.0
2024-06-04,Ph01_Z01_C01,3.58291E+12,1.0,0.0,1.0,1.0,1.5714285714285714,1.5714285714285714,1,0,6,2.0
2024-06-05,Ph01_Z01_C01,3.58291E+12,2.0,1.0,1.0,2.0,1.7142857142857142,1.5714285714285714,2,0,6,1.0
2024-06-06,Ph01_Z01_C01,3.58291E+12,1.0,2.0,2.0,2.0,1.5714285714285714,1.5,3,0,6,9.0
2024-06-07,Ph01_Z01_C01,3.58291E+12,9.0,1.0,2.0,1.0,2.5714285714285716,2.0714285714285716,4,0,6,2.0
2024-06-08,Ph01_Z01_C01,3.58291E+12,2.0,9.0,0.0,1.0,2.857142857142857,2.142857142857143,5,1,6,1.0
2024-06-09,Ph01_Z01_C01,3.58291E+12,1.0,2.0,5.0,2.0,2.2857142857142856,2.0714285714285716,6,1,6,0.0
2024-06-10,Ph01_Z01_C01,3.58291E+12,0.0,1.0,0.0,2.0,2.2857142857142856,1.9285714285714286,0,0,6,0.0
2024-06-11,Ph01_Z01_C01,3.58291E+12,0.0,0.0,1.0,1.0,2.142857142857143,1.8571428571428572,1,0,6,5.0
2024-06-12,Ph01_Z01_C01,3.58291E+12,5.0,0.0,2.0,1.0,2.5714285714285716,2.142857142857143,2,0,6,0.0
2024-06-13,Ph01_Z01_C01,3.58291E+12,0.0,5.0,1.0,2.0,2.4285714285714284,2.0,3,0,6,1.0
2024-06-14,Ph01_Z01_C01,3.58291E+12,1.0,0.0,9.0,2.0,1.2857142857142858,1.9285714285714286,4,0,6,0.0
2024-06-15,Ph01_Z01_C01,3.58291E+12,0.0,1.0,2.0,0.0,1.0,1.9285714285714286,5,1,6,1.0
2024-06-16,Ph01_Z01_C01,3.58291E+12,1.0,0.0,1.0,5.0,1.0,1.6428571428571428,6,1,6,1.0
2024-06-17,Ph01_Z01_C01,3.58291E+12,1.0,1.0,0.0,0.0,1.1428571428571428,1.7142857142857142,0,0,6,3.0
2024-06-18,Ph01_Z01_C01,3.58291E+12,3.0,1.0,0.0,1.0,1.5714285714285714,1.8571428571428572,1,0,6,2.0
2024-06-19,Ph01_Z01_C01,3.58291E+12,2.0,3.0,5.0,2.0,1.1428571428571428,1.8571428571428572,2,0,6,0.0
2024-06-20,Ph01_Z01_C01,3.58291E+12,0.0,2.0,0.0,1.0,1.1428571428571428,1.7857142857142858,3,0,6,1.0
2024-06-21,Ph01_Z01_C01,3.58291E+12,1.0,0.0,1.0,9.0,1.1428571428571428,1.2142857142857142,4,0,6,1.0
2024-06-22,Ph01_Z01_C01,3.58291E+12,1.0,1.0,0.0,2.0,1.2857142857142858,1.1428571428571428,5,1,6,2.0
2024-06-23,Ph01_Z01_C01,3.58291E+12,2.0,1.0,1.0,1.0,1.4285714285714286,1.2142857142857142,6,1,6,2.0
2024-06-24,Ph01_Z01_C01,3.58291E+12,2.0,2.0,1.0,0.0,1.5714285714285714,1.3571428571428572,0,0,6,2.0
2024-06-25,Ph01_Z01_C01,3.58291E+12,2.0,2.0,3.0,0.0,1.4285714285714286,1.5,1,0,6,1.0
2024-06-26,Ph01_Z01_C01,3.58291E+12,1.0,2.0,2.0,5.0,1.2857142857142858,1.2142857142857142,2,0,6,0.0
2024-06-27,Ph01_Z01_C01,3.58291E+12,0.0,1.0,0.0,0.0,1.2857142857142858,1.2142857142857142,3,0,6,1.0
2024-06-28,Ph01_Z01_C01,3.58291E+12,1.0,0.0,1.0,1.0,1.2857142857142858,1.2142857142857142,4,0,6,7.0
2024-06-29,Ph01_Z01_C01,3.58291E+12,7.0,1.0,1.0,0.0,2.142857142857143,1.7142857142857142,5,1,6,0.0
2024-06-30,Ph01_Z01_C01,3.58291E+12,0.0,7.0,2.0,1.0,1.8571428571428572,1.6428571428571428,6,1,6,2.0
2024-07-01,Ph01_Z01_C01,3.58291E+12,2.0,0.0,2.0,1.0,1.8571428571428572,1.7142857142857142,0,0,7,2.0
2024-07-02,Ph01_Z01_C01,3.58291E+12,2.0,2.0,2.0,3.0,1.8571428571428572,1.6428571428571428,1,0,7,1.0
2024-07-03,Ph01_Z01_C01,3.58291E+12,1.0,2.0,1.0,2.0,1.8571428571428572,1.5714285714285714,2,0,7,2.0
2024-07-04,Ph01_Z01_C01,3.58291E+12,2.0,1.0,0.0,0.0,2.142857142857143,1.7142857142857142,3,0,7,2.0
2024-07-05,Ph01_Z01_C01,3.58291E+12,2.0,2.0,1.0,1.0,2.2857142857142856,1.7857142857142858,4,0,7,5.0
2024-07-06,Ph01_Z01_C01,3.58291E+12,5.0,2.0,7.0,1.0,2.0,2.0714285714285716,5,1,7,1.0
2024-07-07,Ph01_Z01_C01,3.58291E+12,1.0,5.0,0.0,2.0,2.142857142857143,2.0,6,1,7,2.0
2024-07-08,Ph01_Z01_C01,3.58291E+12,2.0,1.0,2.0,2.0,2.142857142857143,2.0,0,0,7,5.0
2024-07-09,Ph01_Z01_C01,3.58291E+12,5.0,2.0,2.0,2.0,2.5714285714285716,2.2142857142857144,1,0,7,3.0
2024-07-10,Ph01_Z01_C01,3.58291E+12,3.0,5.0,1.0,1.0,2.857142857142857,2.357142857142857,2,0,7,0.0
2024-07-11,Ph01_Z01_C01,3.58291E+12,0.0,3.0,2.0,0.0,2.5714285714285716,2.357142857142857,3,0,7,2.0
2024-07-12,Ph01_Z01_C01,3.58291E+12,2.0,0.0,2.0,1.0,2.5714285714285716,2.4285714285714284,4,0,7,3.0
2024-07-13,Ph01_Z01_C01,3.58291E+12,3.0,2.0,5.0,7.0,2.2857142857142856,2.142857142857143,5,1,7,2.0
2024-07-14,Ph01_Z01_C01,3.58291E+12,2.0,3.0,1.0,0.0,2.4285714285714284,2.2857142857142856,6,1,7,3.0
2024-07-15,Ph01_Z01_C01,3.58291E+12,3.0,2.0,2.0,2.0,2.5714285714285716,2.357142857142857,0,0,7,0.0
2024-07-16,Ph01_Z01_C01,3.58291E+12,0.0,3.0,5.0,2.0,1.8571428571428572,2.2142857142857144,1,0,7,1.0
2024-07-17,Ph01_Z01_C01,3.58291E+12,1.0,0.0,3.0,1.0,1.5714285714285714,2.2142857142857144,2,0,7,4.0
2024-07-18,Ph01_Z01_C01,3.58291E+12,4.0,1.0,0.0,2.0,2.142857142857143,2.357142857142857,3,0,7,1.0
2024-07-19,Ph01_Z01_C01,3.58291E+12,1.0,4.0,2.0,2.0,2.0,2.2857142857142856,4,0,7,1.0
2024-07-20,Ph01_Z01_C01,3.58291E+12,1.0,1.0,3.0,5.0,1.7142857142857142,2.0,5,1,7,0.0
2024-07-21,Ph01_Z01_C01,3.58291E+12,0.0,1.0,2.0,1.0,1.4285714285714286,1.9285714285714286,6,1,7,0.0
2024-07-22,Ph01_Z01_C01,3.58291E+12,0.0,0.0,3.0,2.0,1.0,1.7857142857142858,0,0,7,3.0
2024-07-23,Ph01_Z01_C01,3.58291E+12,3.0,0.0,0.0,5.0,1.4285714285714286,1.6428571428571428,1,0,7,1.0
2024-07-24,Ph01_Z01_C01,3.58291E+12,1.0,3.0,1.0,3.0,1.4285714285714286,1.5,2,0,7,0.0
2024-07-25,Ph01_Z01_C01,3.58291E+12,0.0,1.0,4.0,0.0,0.8571428571428571,1.5,3,0,7,6.0
2024-07-26,Ph01_Z01_C01,3.58291E+12,6.0,0.0,1.0,2.0,1.5714285714285714,1.7857142857142858,4,0,7,1.0
2024-07-27,Ph01_Z01_C01,3.58291E+12,1.0,6.0,1.0,3.0,1.5714285714285714,1.6428571428571428,5,1,7,0.0
2024-07-28,Ph01_Z01_C01,3.58291E+12,0.0,1.0,0.0,2.0,1.5714285714285714,1.5,6,1,7,1.0
2024-07-29,Ph01_Z01_C01,3.58291E+12,1.0,0.0,0.0,3.0,1.7142857142857142,1.3571428571428572,0,0,7,2.0
2024-07-30,Ph01_Z01_C01,3.58291E+12,2.0,1.0,3.0,0.0,1.5714285714285714,1.5,1,0,7,3.0
2024-07-31,Ph01_Z01_C01,3.58291E+12,3.0,2.0,1.0,1.0,1.8571428571428572,1.6428571428571428,2,0,7,2.0
2024-08-01,Ph01_Z01_C01,3.58291E+12,2.0,3.0,0.0,4.0,2.142857142857143,1.5,3,0,8,0.0
2024-08-02,Ph01_Z01_C01,3.58291E+12,0.0,2.0,6.0,1.0,1.2857142857142858,1.4285714285714286,4,0,8,4.0
2024-08-03,Ph01_Z01_C01,3.58291E+12,4.0,0.0,1.0,1.0,1.7142857142857142,1.6428571428571428,5,1,8,0.0
2024-08-04,Ph01_Z01_C01,3.58291E+12,0.0,4.0,0.0,0.0,1.7142857142857142,1.6428571428571428,6,1,8,3.0
2024-08-05,Ph01_Z01_C01,3.58291E+12,3.0,0.0,1.0,0.0,2.0,1.8571428571428572,0,0,8,1.0
2024-08-06,Ph01_Z01_C01,3.58291E+12,1.0,3.0,2.0,3.0,1.8571428571428572,1.7142857142857142,1,0,8,3.0
2024-08-07,Ph01_Z01_C01,3.58291E+12,3.0,1.0,3.0,1.0,1.8571428571428572,1.8571428571428572,2,0,8,2.0
2024-08-08,Ph01_Z01_C01,3.58291E+12,2.0,3.0,2.0,0.0,1.8571428571428572,2.0,3,0,8,2.0
2024-08-09,Ph01_Z01_C01,3.58291E+12,2.0,2.0,0.0,6.0,2.142857142857143,1.7142857142857142,4,0,8,3.0
2024-08-10,Ph01_Z01_C01,3.58291E+12,3.0,2.0,4.0,1.0,2.0,1.8571428571428572,5,1,8,0.0
2024-08-11,Ph01_Z01_C01,3.58291E+12,0.0,3.0,0.0,0.0,2.0,1.8571428571428572,6,1,8,2.0
2024-08-12,Ph01_Z01_C01,3.58291E+12,2.0,0.0,3.0,1.0,1.8571428571428572,1.9285714285714286,0,0,8,1.0
2024-08-13,Ph01_Z01_C01,3.58291E+12,1.0,2.0,1.0,2.0,1.8571428571428572,1.8571428571428572,1,0,8,2.0
2024-08-14,Ph01_Z01_C01,3.58291E+12,2.0,1.0,3.0,3.0,1.7142857142857142,1.7857142857142858,2,0,8,6.0
2024-08-15,Ph01_Z01_C01,3.58291E+12,6.0,2.0,2.0,2.0,2.2857142857142856,2.0714285714285716,3,0,8,0.0
2024-08-16,Ph01_Z01_C01,3.58291E+12,0.0,6.0,2.0,0.0,2.0,2.0714285714285716,4,0,8,1.0
2024-08-17,Ph01_Z01_C01,3.58291E+12,1.0,0.0,3.0,4.0,1.7142857142857142,1.8571428571428572,5,1,8,0.0
2024-08-18,Ph01_Z01_C01,3.58291E+12,0.0,1.0,0.0,0.0,1.7142857142857142,1.8571428571428572,6,1,8,0.0
2024-08-19,Ph01_Z01_C01,3.58291E+12,0.0,0.0,2.0,3.0,1.4285714285714286,1.6428571428571428,0,0,8,1.0
2024-08-20,Ph01_Z01_C01,3.58291E+12,1.0,0.0,1.0,1.0,1.4285714285714286,1.6428571428571428,1,0,8,2.0
2024-08-21,Ph01_Z01_C01,3.58291E+12,2.0,1.0,2.0,3.0,1.4285714285714286,1.5714285714285714,2,0,8,2.0
2024-08-22,Ph01_Z01_C01,3.58291E+12,2.0,2.0,6.0,2.0,0.8571428571428571,1.5714285714285714,3,0,8,6.0
2024-08-23,Ph01_Z01_C01,3.58291E+12,6.0,2.0,0.0,2.0,1.7142857142857142,1.8571428571428572,4,0,8,4.0
2024-08-24,Ph01_Z01_C01,3.58291E+12,4.0,6.0,1.0,3.0,2.142857142857143,1.9285714285714286,5,1,8,1.0
2024-08-25,Ph01_Z01_C01,3.58291E+12,1.0,4.0,0.0,0.0,2.2857142857142856,2.0,6,1,8,0.0
2024-08-26,Ph01_Z01_C01,3.58291E+12,0.0,1.0,0.0,2.0,2.2857142857142856,1.8571428571428572,0,0,8,3.0
2024-08-27,Ph01_Z01_C01,3.58291E+12,3.0,0.0,1.0,1.0,2.5714285714285716,2.0,1,0,8,2.0
2024-08-28,Ph01_Z01_C01,3.58291E+12,2.0,3.0,2.0,2.0,2.5714285714285716,2.0,2,0,8,2.0
2024-08-29,Ph01_Z01_C01,3.58291E+12,2.0,2.0,2.0,6.0,2.5714285714285716,1.7142857142857142,3,0,8,1.0
2024-08-30,Ph01_Z01_C01,3.58291E+12,1.0,2.0,6.0,0.0,1.8571428571428572,1.7857142857142858,4,0,8,1.0
2024-08-31,Ph01_Z01_C01,3.58291E+12,1.0,1.0,4.0,1.0,1.4285714285714286,1.7857142857142858,5,1,8,2.0
2024-09-01,Ph01_Z01_C01,3.58291E+12,2.0,1.0,1.0,0.0,1.5714285714285714,1.9285714285714286,6,1,9,3.0
2024-09-02,Ph01_Z01_C01,3.58291E+12,3.0,2.0,0.0,0.0,2.0,2.142857142857143,0,0,9,11.0
2024-09-03,Ph01_Z01_C01,3.58291E+12,11.0,3.0,3.0,1.0,3.142857142857143,2.857142857142857,1,0,9,0.0
2024-09-04,Ph01_Z01_C01,3.58291E+12,0.0,11.0,2.0,2.0,2.857142857142857,2.7142857142857144,2,0,9,1.0
2024-09-05,Ph01_Z01_C01,3.58291E+12,1.0,0.0,2.0,2.0,2.7142857142857144,2.642857142857143,3,0,9,5.0
2024-09-06,Ph01_Z01_C01,3.58291E+12,5.0,1.0,1.0,6.0,3.2857142857142856,2.5714285714285716,4,0,9,1.0
2024-09-07,Ph01_Z01_C01,3.58291E+12,1.0,5.0,1.0,4.0,3.2857142857142856,2.357142857142857,5,1,9,1.0
2024-09-08,Ph01_Z01_C01,3.58291E+12,1.0,1.0,2.0,1.0,3.142857142857143,2.357142857142857,6,1,9,1.0
2024-09-09,Ph01_Z01_C01,3.58291E+12,1.0,1.0,3.0,0.0,2.857142857142857,2.4285714285714284,0,0,9,0.0
2024-09-10,Ph01_Z01_C01,3.58291E+12,0.0,1.0,11.0,3.0,1.2857142857142858,2.2142857142857144,1,0,9,2.0
2024-09-11,Ph01_Z01_C01,3.58291E+12,2.0,0.0,0.0,2.0,1.5714285714285714,2.2142857142857144,2,0,9,1.0
2024-09-12,Ph01_Z01_C01,3.58291E+12,1.0,2.0,1.0,2.0,1.5714285714285714,2.142857142857143,3,0,9,1.0
2024-09-13,Ph01_Z01_C01,3.58291E+12,1.0,1.0,5.0,1.0,1.0,2.142857142857143,4,0,9,3.0
2024-09-14,Ph01_Z01_C01,3.58291E+12,3.0,1.0,1.0,1.0,1.2857142857142858,2.2857142857142856,5,1,9,2.0
2024-09-15,Ph01_Z01_C01,3.58291E+12,2.0,3.0,1.0,2.0,1.4285714285714286,2.2857142857142856,6,1,9,5.0
2024-09-16,Ph01_Z01_C01,3.58291E+12,5.0,2.0,1.0,3.0,2.0,2.4285714285714284,0,0,9,3.0
2024-09-17,Ph01_Z01_C01,3.58291E+12,3.0,5.0,0.0,11.0,2.4285714285714284,1.8571428571428572,1,0,9,3.0
2024-09-18,Ph01_Z01_C01,3.58291E+12,3.0,3.0,2.0,0.0,2.5714285714285716,2.0714285714285716,2,0,9,0.0
2024-09-19,Ph01_Z01_C01,3.58291E+12,0.0,3.0,1.0,1.0,2.4285714285714284,2.0,3,0,9,0.0
2024-09-20,Ph01_Z01_C01,3.58291E+12,0.0,0.0,1.0,5.0,2.2857142857142856,1.6428571428571428,4,0,9,1.0
2024-09-21,Ph01_Z01_C01,3.58291E+12,1.0,0.0,3.0,1.0,2.0,1.6428571428571428,5,1,9,0.0
2024-09-22,Ph01_Z01_C01,3.58291E+12,0.0,1.0,2.0,1.0,1.7142857142857142,1.5714285714285714,6,1,9,5.0
2024-09-23,Ph01_Z01_C01,3.58291E+12,5.0,0.0,5.0,1.0,1.7142857142857142,1.8571428571428572,0,0,9,4.0
2024-09-24,Ph01_Z01_C01,3.58291E+12,4.0,5.0,3.0,0.0,1.8571428571428572,2.142857142857143,1,0,9,1.0
2024-09-25,Ph01_Z01_C01,3.58291E+12,1.0,4.0,3.0,2.0,1.5714285714285714,2.0714285714285716,2,0,9,8.0
2024-09-26,Ph01_Z01_C01,3.58291E+12,8.0,1.0,0.0,1.0,2.7142857142857144,2.5714285714285716,3,0,9,5.0
2024-09-27,Ph01_Z01_C01,3.58291E+12,5.0,8.0,0.0,1.0,3.4285714285714284,2.857142857142857,4,0,9,4.0
2024-09-28,Ph01_Z01_C01,3.58291E+12,4.0,5.0,1.0,3.0,3.857142857142857,2.9285714285714284,5,1,9,7.0
2024-09-29,Ph01_Z01_C01,3.58291E+12,7.0,4.0,0.0,2.0,4.857142857142857,3.2857142857142856,6,1,9,4.0
2024-09-30,Ph01_Z01_C01,3.58291E+12,4.0,7.0,5.0,5.0,4.714285714285714,3.2142857142857144,0,0,9,2.0
2024-10-01,Ph01_Z01_C01,3.58291E+12,2.0,4.0,4.0,3.0,4.428571428571429,3.142857142857143,1,0,10,0.0
2024-10-02,Ph01_Z01_C01,3.58291E+12,0.0,2.0,1.0,3.0,4.285714285714286,2.9285714285714284,2,0,10,1.0
2024-10-03,Ph01_Z01_C01,3.58291E+12,1.0,0.0,8.0,0.0,3.2857142857142856,3.0,3,0,10,4.0
2024-10-04,Ph01_Z01_C01,3.58291E+12,4.0,1.0,5.0,0.0,3.142857142857143,3.2857142857142856,4,0,10,3.0
2024-10-05,Ph01_Z01_C01,3.58291E+12,3.0,4.0,4.0,1.0,3.0,3.4285714285714284,5,1,10,0.0
2024-10-06,Ph01_Z01_C01,3.58291E+12,0.0,3.0,7.0,0.0,2.0,3.4285714285714284,6,1,10,3.0
2024-10-07,Ph01_Z01_C01,3.58291E+12,3.0,0.0,4.0,5.0,1.8571428571428572,3.2857142857142856,0,0,10,4.0
2024-10-08,Ph01_Z01_C01,3.58291E+12,4.0,3.0,2.0,4.0,2.142857142857143,3.2857142857142856,1,0,10,6.0
2024-10-09,Ph01_Z01_C01,3.58291E+12,6.0,4.0,0.0,1.0,3.0,3.642857142857143,2,0,10,1.0
2024-10-10,Ph01_Z01_C01,3.58291E+12,1.0,6.0,1.0,8.0,3.0,3.142857142857143,3,0,10,2.0
2024-10-11,Ph01_Z01_C01,3.58291E+12,2.0,1.0,4.0,5.0,2.7142857142857144,2.9285714285714284,4,0,10,5.0
2024-10-12,Ph01_Z01_C01,3.58291E+12,5.0,2.0,3.0,4.0,3.0,3.0,5,1,10,5.0
2024-10-13,Ph01_Z01_C01,3.58291E+12,5.0,5.0,0.0,7.0,3.7142857142857144,2.857142857142857,6,1,10,1.0
2024-10-14,Ph01_Z01_C01,3.58291E+12,1.0,5.0,3.0,4.0,3.4285714285714284,2.642857142857143,0,0,10,0.0
2024-10-15,Ph01_Z01_C01,3.58291E+12,0.0,1.0,4.0,2.0,2.857142857142857,2.5,1,0,10,3.0
2024-10-16,Ph01_Z01_C01,3.58291E+12,3.0,0.0,6.0,0.0,2.4285714285714284,2.7142857142857144,2,0,10,1.0
2024-10-17,Ph01_Z01_C01,3.58291E+12,1.0,3.0,1.0,1.0,2.4285714285714284,2.7142857142857144,3,0,10,3.0
2024-10-18,Ph01_Z01_C01,3.58291E+12,3.0,1.0,2.0,4.0,2.5714285714285716,2.642857142857143,4,0,10,6.0
2024-10-19,Ph01_Z01_C01,3.58291E+12,6.0,3.0,5.0,3.0,2.7142857142857144,2.857142857142857,5,1,10,3.0
2024-10-20,Ph01_Z01_C01,3.58291E+12,3.0,6.0,5.0,0.0,2.4285714285714284,3.0714285714285716,6,1,10,0.0
2024-10-21,Ph01_Z01_C01,3.58291E+12,0.0,3.0,1.0,3.0,2.2857142857142856,2.857142857142857,0,0,10,3.0
2024-10-22,Ph01_Z01_C01,3.58291E+12,3.0,0.0,0.0,4.0,2.7142857142857144,2.7857142857142856,1,0,10,2.0
2024-10-23,Ph01_Z01_C01,3.58291E+12,2.0,3.0,3.0,6.0,2.5714285714285716,2.5,2,0,10,1.0
2024-10-24,Ph01_Z01_C01,3.58291E+12,1.0,2.0,1.0,1.0,2.5714285714285716,2.5,3,0,10,0.0
2024-10-25,Ph01_Z01_C01,3.58291E+12,0.0,1.0,3.0,2.0,2.142857142857143,2.357142857142857,4,0,10,1.0
2024-10-26,Ph01_Z01_C01,3.58291E+12,1.0,0.0,6.0,5.0,1.4285714285714286,2.0714285714285716,5,1,10,4.0
2024-10-27,Ph01_Z01_C01,3.58291E+12,4.0,1.0,3.0,5.0,1.5714285714285714,2.0,6,1,10,1.0
2024-10-28,Ph01_Z01_C01,3.58291E+12,1.0,4.0,0.0,1.0,1.7142857142857142,2.0,0,0,10,0.0
2024-10-29,Ph01_Z01_C01,3.58291E+12,0.0,1.0,3.0,0.0,1.2857142857142858,2.0,1,0,10,4.0
2024-10-30,Ph01_Z01_C01,3.58291E+12,4.0,0.0,2.0,3.0,1.5714285714285714,2.0714285714285716,2,0,10,3.0
2024-10-31,Ph01_Z01_C01,3.58291E+12,3.0,4.0,1.0,1.0,1.8571428571428572,2.2142857142857144,3,0,10,2.0
2024-01-01,Ph01_Z01_C01,3.76025E+12,1.0,0.0,0.0,0.0,1.0,1.0,0,0,1,0.0
2024-01-02,Ph01_Z01_C01,3.76025E+12,0.0,1.0,0.0,0.0,0.5,0.5,1,0,1,2.0
2024-01-03,Ph01_Z01_C01,3.76025E+12,2.0,0.0,0.0,0.0,1.0,1.0,2,0,1,2.0
2024-01-04,Ph01_Z01_C01,3.76025E+12,2.0,2.0,0.0,0.0,1.25,1.25,3,0,1,0.0
2024-01-05,Ph01_Z01_C01,3.76025E+12,0.0,2.0,0.0,0.0,1.0,1.0,4,0,1,0.0
2024-01-06,Ph01_Z01_C01,3.76025E+12,0.0,0.0,0.0,0.0,0.8333333333333334,0.8333333333333334,5,1,1,0.0
2024-01-07,Ph01_Z01_C01,3.76025E+12,0.0,0.0,0.0,0.0,0.7142857142857143,0.7142857142857143,6,1,1,0.0
2024-01-08,Ph01_Z01_C01,3.76025E+12,0.0,0.0,1.0,0.0,0.5714285714285714,0.625,0,0,1,0.0
2024-01-09,Ph01_Z01_C01,3.76025E+12,0.0,0.0,0.0,0.0,0.5714285714285714,0.5555555555555556,1,0,1,2.0
2024-01-10,Ph01_Z01_C01,3.76025E+12,2.0,0.0,2.0,0.0,0.5714285714285714,0.7,2,0,1,1.0
2024-01-11,Ph01_Z01_C01,3.76025E+12,1.0,2.0,2.0,0.0,0.42857142857142855,0.7272727272727273,3,0,1,2.0
2024-01-12,Ph01_Z01_C01,3.76025E+12,2.0,1.0,0.0,0.0,0.7142857142857143,0.8333333333333334,4,0,1,0.0
2024-01-13,Ph01_Z01_C01,3.76025E+12,0.0,2.0,0.0,0.0,0.7142857142857143,0.7692307692307693,5,1,1,1.0
2024-01-14,Ph01_Z01_C01,3.76025E+12,1.0,0.0,0.0,0.0,0.8571428571428571,0.7857142857142857,6,1,1,1.0
2024-01-15,Ph01_Z01_C01,3.76025E+12,1.0,1.0,0.0,1.0,1.0,0.7857142857142857,0,0,1,1.0
2024-01-16,Ph01_Z01_C01,3.76025E+12,1.0,1.0,0.0,0.0,1.1428571428571428,0.8571428571428571,1,0,1,0.0
2024-01-17,Ph01_Z01_C01,3.76025E+12,0.0,1.0,2.0,2.0,0.8571428571428571,0.7142857142857143,2,0,1,0.0
2024-01-18,Ph01_Z01_C01,3.76025E+12,0.0,0.0,1.0,2.0,0.7142857142857143,0.5714285714285714,3,0,1,0.0
2024-01-19,Ph01_Z01_C01,3.76025E+12,0.0,0.0,2.0,0.0,0.42857142857142855,0.5714285714285714,4,0,1,4.0
2024-01-20,Ph01_Z01_C01,3.76025E+12,4.0,0.0,0.0,0.0,1.0,0.8571428571428571,5,1,1,2.0
2024-01-21,Ph01_Z01_C01,3.76025E+12,2.0,4.0,1.0,0.0,1.1428571428571428,1.0,6,1,1,1.0
2024-01-22,Ph01_Z01_C01,3.76025E+12,1.0,2.0,1.0,0.0,1.1428571428571428,1.0714285714285714,0,0,1,0.0
2024-01-23,Ph01_Z01_C01,3.76025E+12,0.0,1.0,1.0,0.0,1.0,1.0714285714285714,1,0,1,2.0
2024-01-24,Ph01_Z01_C01,3.76025E+12,2.0,0.0,0.0,2.0,1.2857142857142858,1.0714285714285714,2,0,1,1.0
2024-01-25,Ph01_Z01_C01,3.76025E+12,1.0,2.0,0.0,1.0,1.4285714285714286,1.0714285714285714,3,0,1,0.0
2024-01-26,Ph01_Z01_C01,3.76025E+12,0.0,1.0,0.0,2.0,1.4285714285714286,0.9285714285714286,4,0,1,1.0
2024-01-27,Ph01_Z01_C01,3.76025E+12,1.0,0.0,4.0,0.0,1.0,1.0,5,1,1,0.0
2024-01-28,Ph01_Z01_C01,3.76025E+12,0.0,1.0,2.0,1.0,0.7142857142857143,0.9285714285714286,6,1,1,1.0
2024-01-29,Ph01_Z01_C01,3.76025E+12,1.0,0.0,1.0,1.0,0.7142857142857143,0.9285714285714286,0,0,1,1.0
2024-01-30,Ph01_Z01_C01,3.76025E+12,1.0,1.0,0.0,1.0,0.8571428571428571,0.9285714285714286,1,0,1,1.0
2024-01-31,Ph01_Z01_C01,3.76025E+12,1.0,1.0,2.0,0.0,0.7142857142857143,1.0,2,0,1,0.0
2024-02-01,Ph01_Z01_C01,3.76025E+12,0.0,1.0,1.0,0.0,0.5714285714285714,1.0,3,0,2,2.0
2024-02-02,Ph01_Z01_C01,3.76025E+12,2.0,0.0,0.0,0.0,0.8571428571428571,1.1428571428571428,4,0,2,0.0
2024-02-03,Ph01_Z01_C01,3.76025E+12,0.0,2.0,1.0,4.0,0.7142857142857143,0.8571428571428571,5,1,2,6.0
2024-02-04,Ph01_Z01_C01,3.76025E+12,6.0,0.0,0.0,2.0,1.5714285714285714,1.1428571428571428,6,1,2,3.0
2024-02-05,Ph01_Z01_C01,3.76025E+12,3.0,6.0,1.0,1.0,1.8571428571428572,1.2857142857142858,0,0,2,2.0
2024-02-06,Ph01_Z01_C01,3.76025E+12,2.0,3.0,1.0,0.0,2.0,1.4285714285714286,1,0,2,2.0
2024-02-07,Ph01_Z01_C01,3.76025E+12,2.0,2.0,1.0,2.0,2.142857142857143,1.4285714285714286,2,0,2,4.0
2024-02-08,Ph01_Z01_C01,3.76025E+12,4.0,2.0,0.0,1.0,2.7142857142857144,1.6428571428571428,3,0,2,7.0
2024-02-09,Ph01_Z01_C01,3.76025E+12,7.0,4.0,2.0,0.0,3.4285714285714284,2.142857142857143,4,0,2,1.0
2024-02-10,Ph01_Z01_C01,3.76025E+12,1.0,7.0,0.0,1.0,3.5714285714285716,2.142857142857143,5,1,2,1.0
2024-02-11,Ph01_Z01_C01,3.76025E+12,1.0,1.0,6.0,0.0,2.857142857142857,2.2142857142857144,6,1,2,2.0
2024-02-12,Ph01_Z01_C01,3.76025E+12,2.0,1.0,3.0,1.0,2.7142857142857144,2.2857142857142856,0,0,2,1.0
2024-02-13,Ph01_Z01_C01,3.76025E+12,1.0,2.0,2.0,1.0,2.5714285714285716,2.2857142857142856,1,0,2,0.0
2024-02-14,Ph01_Z01_C01,3.76025E+12,0.0,1.0,2.0,1.0,2.2857142857142856,2.2142857142857144,2,0,2,2.0
2024-02-15,Ph01_Z01_C01,3.76025E+12,2.0,0.0,4.0,0.0,2.0,2.357142857142857,3,0,2,0.0
2024-02-16,Ph01_Z01_C01,3.76025E+12,0.0,2.0,7.0,2.0,1.0,2.2142857142857144,4,0,2,3.0
2024-02-17,Ph01_Z01_C01,3.76025E+12,3.0,0.0,1.0,0.0,1.2857142857142858,2.4285714285714284,5,1,2,3.0
2024-02-18,Ph01_Z01_C01,3.76025E+12,3.0,3.0,1.0,6.0,1.5714285714285714,2.2142857142857144,6,1,2,0.0
2024-02-19,Ph01_Z01_C01,3.76025E+12,0.0,3.0,2.0,3.0,1.2857142857142858,2.0,0,0,2,0.0
2024-02-20,Ph01_Z01_C01,3.76025E+12,0.0,0.0,1.0,2.0,1.1428571428571428,1.8571428571428572,1,0,2,1.0
2024-02-21,Ph01_Z01_C01,3.76025E+12,1.0,0.0,0.0,2.0,1.2857142857142858,1.7857142857142858,2,0,2,0.0
2024-02-22,Ph01_Z01_C01,3.76025E+12,0.0,1.0,2.0,4.0,1.0,1.5,3,0,2,0.0
2024-02-23,Ph01_Z01_C01,3.76025E+12,0.0,0.0,0.0,7.0,1.0,1.0,4,0,2,2.0
2024-02-24,Ph01_Z01_C01,3.76025E+12,2.0,0.0,3.0,1.0,0.8571428571428571,1.0714285714285714,5,1,2,0.0
2024-02-25,Ph01_Z01_C01,3.76025E+12,0.0,2.0,3.0,1.0,0.42857142857142855,1.0,6,1,2,2.0
2024-02-26,Ph01_Z01_C01,3.76025E+12,2.0,0.0,0.0,2.0,0.7142857142857143,1.0,0,0,2,0.0
2024-02-27,Ph01_Z01_C01,3.76025E+12,0.0,2.0,0.0,1.0,0.7142857142857143,0.9285714285714286,1,0,2,1.0
2024-02-28,Ph01_Z01_C01,3.76025E+12,1.0,0.0,1.0,0.0,0.7142857142857143,1.0,2,0,2,1.0
2024-02-29,Ph01_Z01_C01,3.76025E+12,1.0,1.0,0.0,2.0,0.8571428571428571,0.9285714285714286,3,0,2,0.0
2024-03-01,Ph01_Z01_C01,3.76025E+12,0.0,1.0,0.0,0.0,0.8571428571428571,0.9285714285714286,4,0,3,3.0
2024-03-02,Ph01_Z01_C01,3.76025E+12,3.0,0.0,2.0,3.0,1.0,0.9285714285714286,5,1,3,1.0
2024-03-03,Ph01_Z01_C01,3.76025E+12,1.0,3.0,0.0,3.0,1.1428571428571428,0.7857142857142857,6,1,3,1.0
2024-03-04,Ph01_Z01_C01,3.76025E+12,1.0,1.0,2.0,0.0,1.0,0.8571428571428571,0,0,3,3.0
2024-03-05,Ph01_Z01_C01,3.76025E+12,3.0,1.0,0.0,0.0,1.4285714285714286,1.0714285714285714,1,0,3,2.0
2024-03-06,Ph01_Z01_C01,3.76025E+12,2.0,3.0,1.0,1.0,1.5714285714285714,1.1428571428571428,2,0,3,0.0
2024-03-07,Ph01_Z01_C01,3.76025E+12,0.0,2.0,1.0,0.0,1.4285714285714286,1.1428571428571428,3,0,3,5.0
2024-03-08,Ph01_Z01_C01,3.76025E+12,5.0,0.0,0.0,0.0,2.142857142857143,1.5,4,0,3,1.0
2024-03-09,Ph01_Z01_C01,3.76025E+12,1.0,5.0,3.0,2.0,1.8571428571428572,1.4285714285714286,5,1,3,0.0
2024-03-10,Ph01_Z01_C01,3.76025E+12,0.0,1.0,1.0,0.0,1.7142857142857142,1.4285714285714286,6,1,3,1.0
2024-03-11,Ph01_Z01_C01,3.76025E+12,1.0,0.0,1.0,2.0,1.7142857142857142,1.3571428571428572,0,0,3,0.0
2024-03-12,Ph01_Z01_C01,3.76025E+12,0.0,1.0,3.0,0.0,1.2857142857142858,1.3571428571428572,1,0,3,1.0
2024-03-13,Ph01_Z01_C01,3.76025E+12,1.0,0.0,2.0,1.0,1.1428571428571428,1.3571428571428572,2,0,3,0.0
2024-03-14,Ph01_Z01_C01,3.76025E+12,0.0,1.0,0.0,1.0,1.1428571428571428,1.2857142857142858,3,0,3,2.0
2024-03-15,Ph01_Z01_C01,3.76025E+12,2.0,0.0,5.0,0.0,0.7142857142857143,1.4285714285714286,4,0,3,0.0
2024-03-16,Ph01_Z01_C01,3.76025E+12,0.0,2.0,1.0,3.0,0.5714285714285714,1.2142857142857142,5,1,3,1.0
2024-03-17,Ph01_Z01_C01,3.76025E+12,1.0,0.0,0.0,1.0,0.7142857142857143,1.2142857142857142,6,1,3,0.0
2024-03-18,Ph01_Z01_C01,3.76025E+12,0.0,1.0,1.0,1.0,0.5714285714285714,1.1428571428571428,0,0,3,1.0
2024-03-19,Ph01_Z01_C01,3.76025E+12,1.0,0.0,0.0,3.0,0.7142857142857143,1.0,1,0,3,4.0
2024-03-20,Ph01_Z01_C01,3.76025E+12,4.0,1.0,1.0,2.0,1.1428571428571428,1.1428571428571428,2,0,3,1.0
2024-03-21,Ph01_Z01_C01,3.76025E+12,1.0,4.0,0.0,0.0,1.2857142857142858,1.2142857142857142,3,0,3,0.0
2024-03-22,Ph01_Z01_C01,3.76025E+12,0.0,1.0,2.0,5.0,1.0,0.8571428571428571,4,0,3,4.0
2024-03-23,Ph01_Z01_C01,3.76025E+12,4.0,0.0,0.0,1.0,1.5714285714285714,1.0714285714285714,5,1,3,1.0
2024-03-24,Ph01_Z01_C01,3.76025E+12,1.0,4.0,1.0,0.0,1.5714285714285714,1.1428571428571428,6,1,3,0.0
2024-03-25,Ph01_Z01_C01,3.76025E+12,0.0,1.0,0.0,1.0,1.5714285714285714,1.0714285714285714,0,0,3,0.0
2024-03-26,Ph01_Z01_C01,3.76025E+12,0.0,0.0,1.0,0.0,1.4285714285714286,1.0714285714285714,1,0,3,0.0
2024-03-27,Ph01_Z01_C01,3.76025E+12,0.0,0.0,4.0,1.0,0.8571428571428571,1.0,2,0,3,1.0
2024-03-28,Ph01_Z01_C01,3.76025E+12,1.0,0.0,1.0,0.0,0.8571428571428571,1.0714285714285714,3,0,3,0.0
2024-03-29,Ph01_Z01_C01,3.76025E+12,0.0,1.0,0.0,2.0,0.8571428571428571,0.9285714285714286,4,0,3,1.0
2024-03-30,Ph01_Z01_C01,3.76025E+12,1.0,0.0,4.0,0.0,0.42857142857142855,1.0,5,1,3,1.0
2024-03-31,Ph01_Z01_C01,3.76025E+12,1.0,1.0,1.0,1.0,0.42857142857142855,1.0,6,1,3,0.0
2024-04-01,Ph01_Z01_C01,3.76025E+12,0.0,1.0,0.0,0.0,0.42857142857142855,1.0,0,0,4,3.0
2024-04-02,Ph01_Z01_C01,3.76025E+12,3.0,0.0,0.0,1.0,0.8571428571428571,1.1428571428571428,1,0,4,0.0
2024-04-03,Ph01_Z01_C01,3.76025E+12,0.0,3.0,0.0,4.0,0.8571428571428571,0.8571428571428571,2,0,4,0.0
2024-04-04,Ph01_Z01_C01,3.76025E+12,0.0,0.0,1.0,1.0,0.7142857142857143,0.7857142857142857,3,0,4,1.0
2024-04-05,Ph01_Z01_C01,3.76025E+12,1.0,0.0,0.0,0.0,0.8571428571428571,0.8571428571428571,4,0,4,1.0
2024-04-06,Ph01_Z01_C01,3.76025E+12,1.0,1.0,1.0,4.0,0.8571428571428571,0.6428571428571429,5,1,4,0.0
2024-04-07,Ph01_Z01_C01,3.76025E+12,0.0,1.0,1.0,1.0,0.7142857142857143,0.5714285714285714,6,1,4,0.0
2024-04-08,Ph01_Z01_C01,3.76025E+12,0.0,0.0,0.0,0.0,0.7142857142857143,0.5714285714285714,0,0,4,0.0
2024-04-09,Ph01_Z01_C01,3.76025E+12,0.0,0.0,3.0,0.0,0.2857142857142857,0.5714285714285714,1,0,4,0.0
2024-04-10,Ph01_Z01_C01,3.76025E+12,0.0,0.0,0.0,0.0,0.2857142857142857,0.5714285714285714,2,0,4,1.0
2024-04-11,Ph01_Z01_C01,3.76025E+12,1.0,0.0,0.0,1.0,0.42857142857142855,0.5714285714285714,3,0,4,1.0
2024-04-12,Ph01_Z01_C01,3.76025E+12,1.0,1.0,1.0,0.0,0.42857142857142855,0.6428571428571429,4,0,4,1.0
2024-04-13,Ph01_Z01_C01,3.76025E+12,1.0,1.0,1.0,1.0,0.42857142857142855,0.6428571428571429,5,1,4,2.0
2024-04-14,Ph01_Z01_C01,3.76025E+12,2.0,1.0,0.0,1.0,0.7142857142857143,0.7142857142857143,6,1,4,0.0
2024-04-15,Ph01_Z01_C01,3.76025E+12,0.0,2.0,0.0,0.0,0.7142857142857143,0.7142857142857143,0,0,4,0.0
2024-04-16,Ph01_Z01_C01,3.76025E+12,0.0,0.0,0.0,3.0,0.7142857142857143,0.5,1,0,4,1.0
2024-04-17,Ph01_Z01_C01,3.76025E+12,1.0,0.0,0.0,0.0,0.8571428571428571,0.5714285714285714,2,0,4,2.0
2024-04-18,Ph01_Z01_C01,3.76025E+12,2.0,1.0,1.0,0.0,1.0,0.7142857142857143,3,0,4,1.0
2024-04-19,Ph01_Z01_C01,3.76025E+12,1.0,2.0,1.0,1.0,1.0,0.7142857142857143,4,0,4,1.0
2024-04-20,Ph01_Z01_C01,3.76025E+12,1.0,1.0,1.0,1.0,1.0,0.7142857142857143,5,1,4,5.0
2024-04-21,Ph01_Z01_C01,3.76025E+12,5.0,1.0,2.0,0.0,1.4285714285714286,1.0714285714285714,6,1,4,2.0
2024-04-22,Ph01_Z01_C01,3.76025E+12,2.0,5.0,0.0,0.0,1.7142857142857142,1.2142857142857142,0,0,4,0.0
2024-04-23,Ph01_Z01_C01,3.76025E+12,0.0,2.0,0.0,0.0,1.7142857142857142,1.2142857142857142,1,0,4,1.0
2024-04-24,Ph01_Z01_C01,3.76025E+12,1.0,0.0,1.0,0.0,1.7142857142857142,1.2857142857142858,2,0,4,2.0
2024-04-25,Ph01_Z01_C01,3.76025E+12,2.0,1.0,2.0,1.0,1.7142857142857142,1.3571428571428572,3,0,4,0.0
2024-04-26,Ph01_Z01_C01,3.76025E+12,0.0,2.0,1.0,1.0,1.5714285714285714,1.2857142857142858,4,0,4,0.0
2024-04-27,Ph01_Z01_C01,3.76025E+12,0.0,0.0,1.0,1.0,1.4285714285714286,1.2142857142857142,5,1,4,0.0
2024-04-28,Ph01_Z01_C01,3.76025E+12,0.0,0.0,5.0,2.0,0.7142857142857143,1.0714285714285714,6,1,4,0.0
2024-04-29,Ph01_Z01_C01,3.76025E+12,0.0,0.0,2.0,0.0,0.42857142857142855,1.0714285714285714,0,0,4,0.0
2024-04-30,Ph01_Z01_C01,3.76025E+12,0.0,0.0,0.0,0.0,0.42857142857142855,1.0714285714285714,1,0,4,0.0
2024-05-01,Ph01_Z01_C01,3.76025E+12,0.0,0.0,1.0,1.0,0.2857142857142857,1.0,2,0,5,0.0
2024-05-02,Ph01_Z01_C01,3.76025E+12,0.0,0.0,2.0,2.0,0.0,0.8571428571428571,3,0,5,0.0
2024-05-03,Ph01_Z01_C01,3.76025E+12,0.0,0.0,0.0,1.0,0.0,0.7857142857142857,4,0,5,1.0
2024-05-04,Ph01_Z01_C01,3.76025E+12,1.0,0.0,0.0,1.0,0.14285714285714285,0.7857142857142857,5,1,5,1.0
2024-05-05,Ph01_Z01_C01,3.76025E+12,1.0,1.0,0.0,5.0,0.2857142857142857,0.5,6,1,5,0.0
2024-05-06,Ph01_Z01_C01,3.76025E+12,0.0,1.0,0.0,2.0,0.2857142857142857,0.35714285714285715,0,0,5,0.0
2024-05-07,Ph01_Z01_C01,3.76025E+12,0.0,0.0,0.0,0.0,0.2857142857142857,0.35714285714285715,1,0,5,0.0
2024-05-08,Ph01_Z01_C01,3.76025E+12,0.0,0.0,0.0,1.0,0.2857142857142857,0.2857142857142857,2,0,5,0.0
2024-05-09,Ph01_Z01_C01,3.76025E+12,0.0,0.0,0.0,2.0,0.2857142857142857,0.14285714285714285,3,0,5,0.0
2024-05-10,Ph01_Z01_C01,3.76025E+12,0.0,0.0,0.0,0.0,0.2857142857142857,0.14285714285714285,4,0,5,0.0
2024-05-11,Ph01_Z01_C01,3.76025E+12,0.0,0.0,1.0,0.0,0.14285714285714285,0.14285714285714285,5,1,5,0.0
2024-05-12,Ph01_Z01_C01,3.76025E+12,0.0,0.0,1.0,0.0,0.0,0.14285714285714285,6,1,5,1.0
2024-05-13,Ph01_Z01_C01,3.76025E+12,1.0,0.0,0.0,0.0,0.14285714285714285,0.21428571428571427,0,0,5,1.0
2024-05-14,Ph01_Z01_C01,3.76025E+12,1.0,1.0,0.0,0.0,0.2857142857142857,0.2857142857142857,1,0,5,1.0
2024-05-15,Ph01_Z01_C01,3.76025E+12,1.0,1.0,0.0,0.0,0.42857142857142855,0.35714285714285715,2,0,5,0.0
2024-05-16,Ph01_Z01_C01,3.76025E+12,0.0,1.0,0.0,0.0,0.42857142857142855,0.35714285714285715,3,0,5,1.0
2024-05-17,Ph01_Z01_C01,3.76025E+12,1.0,0.0,0.0,0.0,0.5714285714285714,0.42857142857142855,4,0,5,0.0
2024-05-18,Ph01_Z01_C01,3.76025E+12,0.0,1.0,0.0,1.0,0.5714285714285714,0.35714285714285715,5,1,5,0.0
2024-05-19,Ph01_Z01_C01,3.76025E+12,0.0,0.0,0.0,1.0,0.5714285714285714,0.2857142857142857,6,1,5,0.0
2024-05-20,Ph01_Z01_C01,3.76025E+12,0.0,0.0,1.0,0.0,0.42857142857142855,0.2857142857142857,0,0,5,1.0
2024-05-21,Ph01_Z01_C01,3.76025E+12,1.0,0.0,1.0,0.0,0.42857142857142855,0.35714285714285715,1,0,5,0.0
2024-05-22,Ph01_Z01_C01,3.76025E+12,0.0,1.0,1.0,0.0,0.2857142857142857,0.35714285714285715,2,0,5,0.0
2024-05-23,Ph01_Z01_C01,3.76025E+12,0.0,0.0,0.0,0.0,0.2857142857142857,0.35714285714285715,3,0,5,0.0
2024-05-24,Ph01_Z01_C01,3.76025E+12,0.0,0.0,1.0,0.0,0.14285714285714285,0.35714285714285715,4,0,5,0.0
2024-05-25,Ph01_Z01_C01,3.76025E+12,0.0,0.0,0.0,0.0,0.14285714285714285,0.35714285714285715,5,1,5,1.0
2024-05-26,Ph01_Z01_C01,3.76025E+12,1.0,0.0,0.0,0.0,0.2857142857142857,0.42857142857142855,6,1,5,0.0
2024-05-27,Ph01_Z01_C01,3.76025E+12,0.0,1.0,0.0,1.0,0.2857142857142857,0.35714285714285715,0,0,5,2.0
2024-05-28,Ph01_Z01_C01,3.76025E+12,2.0,0.0,1.0,1.0,0.42857142857142855,0.42857142857142855,1,0,5,0.0
2024-05-29,Ph01_Z01_C01,3.76025E+12,0.0,2.0,0.0,1.0,0.42857142857142855,0.35714285714285715,2,0,5,1.0
2024-05-30,Ph01_Z01_C01,3.76025E+12,1.0,0.0,0.0,0.0,0.5714285714285714,0.42857142857142855,3,0,5,0.0
2024-05-31,Ph01_Z01_C01,3.76025E+12,0.0,1.0,0.0,1.0,0.5714285714285714,0.35714285714285715,4,0,5,1.0
2024-06-01,Ph01_Z01_C01,3.76025E+12,1.0,0.0,0.0,0.0,0.7142857142857143,0.42857142857142855,5,1,6,1.0
2024-06-02,Ph01_Z01_C01,3.76025E+12,1.0,1.0,1.0,0.0,0.7142857142857143,0.5,6,1,6,2.0
2024-06-03,Ph01_Z01_C01,3.76025E+12,2.0,1.0,0.0,0.0,1.0,0.6428571428571429,0,0,6,2.0
2024-06-04,Ph01_Z01_C01,3.76025E+12,2.0,2.0,2.0,1.0,1.0,0.7142857142857143,1,0,6,1.0
2024-06-05,Ph01_Z01_C01,3.76025E+12,1.0,2.0,0.0,0.0,1.1428571428571428,0.7857142857142857,2,0,6,1.0
2024-06-06,Ph01_Z01_C01,3.76025E+12,1.0,1.0,1.0,0.0,1.1428571428571428,0.8571428571428571,3,0,6,2.0
2024-06-07,Ph01_Z01_C01,3.76025E+12,2.0,1.0,0.0,0.0,1.4285714285714286,1.0,4,0,6,0.0
2024-06-08,Ph01_Z01_C01,3.76025E+12,0.0,2.0,1.0,0.0,1.2857142857142858,1.0,5,1,6,0.0
2024-06-09,Ph01_Z01_C01,3.76025E+12,0.0,0.0,1.0,1.0,1.1428571428571428,0.9285714285714286,6,1,6,0.0
2024-06-10,Ph01_Z01_C01,3.76025E+12,0.0,0.0,2.0,0.0,0.8571428571428571,0.9285714285714286,0,0,6,0.0
2024-06-11,Ph01_Z01_C01,3.76025E+12,0.0,0.0,2.0,2.0,0.5714285714285714,0.7857142857142857,1,0,6,0.0
2024-06-12,Ph01_Z01_C01,3.76025E+12,0.0,0.0,1.0,0.0,0.42857142857142855,0.7857142857142857,2,0,6,3.0
2024-06-13,Ph01_Z01_C01,3.76025E+12,3.0,0.0,1.0,1.0,0.7142857142857143,0.9285714285714286,3,0,6,0.0
2024-06-14,Ph01_Z01_C01,3.76025E+12,0.0,3.0,2.0,0.0,0.42857142857142855,0.9285714285714286,4,0,6,2.0
2024-06-15,Ph01_Z01_C01,3.76025E+12,2.0,0.0,0.0,1.0,0.7142857142857143,1.0,5,1,6,1.0
2024-06-16,Ph01_Z01_C01,3.76025E+12,1.0,2.0,0.0,1.0,0.8571428571428571,1.0,6,1,6,0.0
2024-06-17,Ph01_Z01_C01,3.76025E+12,0.0,1.0,0.0,2.0,0.8571428571428571,0.8571428571428571,0,0,6,1.0
2024-06-18,Ph01_Z01_C01,3.76025E+12,1.0,0.0,0.0,2.0,1.0,0.7857142857142857,1,0,6,2.0
2024-06-19,Ph01_Z01_C01,3.76025E+12,2.0,1.0,0.0,1.0,1.2857142857142858,0.8571428571428571,2,0,6,0.0
2024-06-20,Ph01_Z01_C01,3.76025E+12,0.0,2.0,3.0,1.0,0.8571428571428571,0.7857142857142857,3,0,6,0.0
2024-06-21,Ph01_Z01_C01,3.76025E+12,0.0,0.0,0.0,2.0,0.8571428571428571,0.6428571428571429,4,0,6,2.0
2024-06-22,Ph01_Z01_C01,3.76025E+12,2.0,0.0,2.0,0.0,0.8571428571428571,0.7857142857142857,5,1,6,2.0
2024-06-23,Ph01_Z01_C01,3.76025E+12,2.0,2.0,1.0,0.0,1.0,0.9285714285714286,6,1,6,0.0
2024-06-24,Ph01_Z01_C01,3.76025E+12,0.0,2.0,0.0,0.0,1.0,0.9285714285714286,0,0,6,1.0
2024-06-25,Ph01_Z01_C01,3.76025E+12,1.0,0.0,1.0,0.0,1.0,1.0,1,0,6,0.0
2024-06-26,Ph01_Z01_C01,3.76025E+12,0.0,1.0,2.0,0.0,0.7142857142857143,1.0,2,0,6,4.0
2024-06-27,Ph01_Z01_C01,3.76025E+12,4.0,0.0,0.0,3.0,1.2857142857142858,1.0714285714285714,3,0,6,3.0
2024-06-28,Ph01_Z01_C01,3.76025E+12,3.0,4.0,0.0,0.0,1.7142857142857142,1.2857142857142858,4,0,6,1.0
2024-06-29,Ph01_Z01_C01,3.76025E+12,1.0,3.0,2.0,2.0,1.5714285714285714,1.2142857142857142,5,1,6,2.0
2024-06-30,Ph01_Z01_C01,3.76025E+12,2.0,1.0,2.0,1.0,1.5714285714285714,1.2857142857142858,6,1,6,1.0
2024-07-01,Ph01_Z01_C01,3.76025E+12,1.0,2.0,0.0,0.0,1.7142857142857142,1.3571428571428572,0,0,7,1.0
2024-07-02,Ph01_Z01_C01,3.76025E+12,1.0,1.0,1.0,1.0,1.7142857142857142,1.3571428571428572,1,0,7,2.0
2024-07-03,Ph01_Z01_C01,3.76025E+12,2.0,1.0,0.0,2.0,2.0,1.3571428571428572,2,0,7,0.0
2024-07-04,Ph01_Z01_C01,3.76025E+12,0.0,2.0,4.0,0.0,1.4285714285714286,1.3571428571428572,3,0,7,0.0
2024-07-05,Ph01_Z01_C01,3.76025E+12,0.0,0.0,3.0,0.0,1.0,1.3571428571428572,4,0,7,0.0
2024-07-06,Ph01_Z01_C01,3.76025E+12,0.0,0.0,1.0,2.0,0.8571428571428571,1.2142857142857142,5,1,7,0.0
2024-07-07,Ph01_Z01_C01,3.76025E+12,0.0,0.0,2.0,2.0,0.5714285714285714,1.0714285714285714,6,1,7,1.0
2024-07-08,Ph01_Z01_C01,3.76025E+12,1.0,0.0,1.0,0.0,0.5714285714285714,1.1428571428571428,0,0,7,1.0
2024-07-09,Ph01_Z01_C01,3.76025E+12,1.0,1.0,1.0,1.0,0.5714285714285714,1.1428571428571428,1,0,7,2.0
2024-07-10,Ph01_Z01_C01,3.76025E+12,2.0,1.0,2.0,0.0,0.5714285714285714,1.2857142857142858,2,0,7,2.0
2024-07-11,Ph01_Z01_C01,3.76025E+12,2.0,2.0,0.0,4.0,0.8571428571428571,1.1428571428571428,3,0,7,0.0
2024-07-12,Ph01_Z01_C01,3.76025E+12,0.0,2.0,0.0,3.0,0.8571428571428571,0.9285714285714286,4,0,7,0.0
2024-07-13,Ph01_Z01_C01,3.76025E+12,0.0,0.0,0.0,1.0,0.8571428571428571,0.8571428571428571,5,1,7,0.0
2024-07-14,Ph01_Z01_C01,3.76025E+12,0.0,0.0,0.0,2.0,0.8571428571428571,0.7142857142857143,6,1,7,2.0
2024-07-15,Ph01_Z01_C01,3.76025E+12,2.0,0.0,1.0,1.0,1.0,0.7857142857142857,0,0,7,1.0
2024-07-16,Ph01_Z01_C01,3.76025E+12,1.0,2.0,1.0,1.0,1.0,0.7857142857142857,1,0,7,3.0
2024-07-17,Ph01_Z01_C01,3.76025E+12,3.0,1.0,2.0,2.0,1.1428571428571428,0.8571428571428571,2,0,7,0.0
2024-07-18,Ph01_Z01_C01,3.76025E+12,0.0,3.0,2.0,0.0,0.8571428571428571,0.8571428571428571,3,0,7,0.0
2024-07-19,Ph01_Z01_C01,3.76025E+12,0.0,0.0,0.0,0.0,0.8571428571428571,0.8571428571428571,4,0,7,0.0
2024-07-20,Ph01_Z01_C01,3.76025E+12,0.0,0.0,0.0,0.0,0.8571428571428571,0.8571428571428571,5,1,7,0.0
2024-07-21,Ph01_Z01_C01,3.76025E+12,0.0,0.0,0.0,0.0,0.8571428571428571,0.8571428571428571,6,1,7,0.0
2024-07-22,Ph01_Z01_C01,3.76025E+12,0.0,0.0,2.0,1.0,0.5714285714285714,0.7857142857142857,0,0,7,0.0
2024-07-23,Ph01_Z01_C01,3.76025E+12,0.0,0.0,1.0,1.0,0.42857142857142855,0.7142857142857143,1,0,7,0.0
2024-07-24,Ph01_Z01_C01,3.76025E+12,0.0,0.0,3.0,2.0,0.0,0.5714285714285714,2,0,7,1.0
2024-07-25,Ph01_Z01_C01,3.76025E+12,1.0,0.0,0.0,2.0,0.14285714285714285,0.5,3,0,7,1.0
2024-07-26,Ph01_Z01_C01,3.76025E+12,1.0,1.0,0.0,0.0,0.2857142857142857,0.5714285714285714,4,0,7,1.0
2024-07-27,Ph01_Z01_C01,3.76025E+12,1.0,1.0,0.0,0.0,0.42857142857142855,0.6428571428571429,5,1,7,0.0
2024-07-28,Ph01_Z01_C01,3.76025E+12,0.0,1.0,0.0,0.0,0.42857142857142855,0.6428571428571429,6,1,7,0.0
2024-07-29,Ph01_Z01_C01,3.76025E+12,0.0,0.0,0.0,2.0,0.42857142857142855,0.5,0,0,7,2.0
2024-07-30,Ph01_Z01_C01,3.76025E+12,2.0,0.0,0.0,1.0,0.7142857142857143,0.5714285714285714,1,0,7,0.0
2024-07-31,Ph01_Z01_C01,3.76025E+12,0.0,2.0,0.0,3.0,0.7142857142857143,0.35714285714285715,2,0,7,1.0
2024-08-01,Ph01_Z01_C01,3.76025E+12,1.0,0.0,1.0,0.0,0.7142857142857143,0.42857142857142855,3,0,8,0.0
2024-08-02,Ph01_Z01_C01,3.76025E+12,0.0,1.0,1.0,0.0,0.5714285714285714,0.42857142857142855,4,0,8,3.0
2024-08-03,Ph01_Z01_C01,3.76025E+12,3.0,0.0,1.0,0.0,0.8571428571428571,0.6428571428571429,5,1,8,0.0
2024-08-04,Ph01_Z01_C01,3.76025E+12,0.0,3.0,0.0,0.0,0.8571428571428571,0.6428571428571429,6,1,8,1.0
2024-08-05,Ph01_Z01_C01,3.76025E+12,1.0,0.0,0.0,0.0,1.0,0.7142857142857143,0,0,8,0.0
2024-08-06,Ph01_Z01_C01,3.76025E+12,0.0,1.0,2.0,0.0,0.7142857142857143,0.7142857142857143,1,0,8,0.0
2024-08-07,Ph01_Z01_C01,3.76025E+12,0.0,0.0,0.0,0.0,0.7142857142857143,0.7142857142857143,2,0,8,1.0
2024-08-08,Ph01_Z01_C01,3.76025E+12,1.0,0.0,1.0,1.0,0.7142857142857143,0.7142857142857143,3,0,8,3.0
2024-08-09,Ph01_Z01_C01,3.76025E+12,3.0,1.0,0.0,1.0,1.1428571428571428,0.8571428571428571,4,0,8,1.0
2024-08-10,Ph01_Z01_C01,3.76025E+12,1.0,3.0,3.0,1.0,0.8571428571428571,0.8571428571428571,5,1,8,2.0
2024-08-11,Ph01_Z01_C01,3.76025E+12,2.0,1.0,0.0,0.0,1.1428571428571428,1.0,6,1,8,1.0
2024-08-12,Ph01_Z01_C01,3.76025E+12,1.0,2.0,1.0,0.0,1.1428571428571428,1.0714285714285714,0,0,8,1.0
2024-08-13,Ph01_Z01_C01,3.76025E+12,1.0,1.0,0.0,2.0,1.2857142857142858,1.0,1,0,8,1.0
2024-08-14,Ph01_Z01_C01,3.76025E+12,1.0,1.0,0.0,0.0,1.4285714285714286,1.0714285714285714,2,0,8,0.0
2024-08-15,Ph01_Z01_C01,3.76025E+12,0.0,1.0,1.0,1.0,1.2857142857142858,1.0,3,0,8,0.0
2024-08-16,Ph01_Z01_C01,3.76025E+12,0.0,0.0,3.0,0.0,0.8571428571428571,1.0,4,0,8,1.0
2024-08-17,Ph01_Z01_C01,3.76025E+12,1.0,0.0,1.0,3.0,0.8571428571428571,0.8571428571428571,5,1,8,0.0
2024-08-18,Ph01_Z01_C01,3.76025E+12,0.0,1.0,2.0,0.0,0.5714285714285714,0.8571428571428571,6,1,8,2.0
2024-08-19,Ph01_Z01_C01,3.76025E+12,2.0,0.0,1.0,1.0,0.7142857142857143,0.9285714285714286,0,0,8,1.0
2024-08-20,Ph01_Z01_C01,3.76025E+12,1.0,2.0,1.0,0.0,0.7142857142857143,1.0,1,0,8,1.0
2024-08-21,Ph01_Z01_C01,3.76025E+12,1.0,1.0,1.0,0.0,0.7142857142857143,1.0714285714285714,2,0,8,0.0
2024-08-22,Ph01_Z01_C01,3.76025E+12,0.0,1.0,0.0,1.0,0.7142857142857143,1.0,3,0,8,0.0
2024-08-23,Ph01_Z01_C01,3.76025E+12,0.0,0.0,0.0,3.0,0.7142857142857143,0.7857142857142857,4,0,8,2.0
2024-08-24,Ph01_Z01_C01,3.76025E+12,2.0,0.0,1.0,1.0,0.8571428571428571,0.8571428571428571,5,1,8,1.0
2024-08-25,Ph01_Z01_C01,3.76025E+12,1.0,2.0,0.0,2.0,1.0,0.7857142857142857,6,1,8,0.0
2024-08-26,Ph01_Z01_C01,3.76025E+12,0.0,1.0,2.0,1.0,0.7142857142857143,0.7142857142857143,0,0,8,0.0
2024-08-27,Ph01_Z01_C01,3.76025E+12,0.0,0.0,1.0,1.0,0.5714285714285714,0.6428571428571429,1,0,8,1.0
2024-08-28,Ph01_Z01_C01,3.76025E+12,1.0,0.0,1.0,1.0,0.5714285714285714,0.6428571428571429,2,0,8,2.0
2024-08-29,Ph01_Z01_C01,3.76025E+12,2.0,1.0,0.0,0.0,0.8571428571428571,0.7857142857142857,3,0,8,4.0
2024-08-30,Ph01_Z01_C01,3.76025E+12,4.0,2.0,0.0,0.0,1.4285714285714286,1.0714285714285714,4,0,8,0.0
2024-08-31,Ph01_Z01_C01,3.76025E+12,0.0,4.0,2.0,1.0,1.1428571428571428,1.0,5,1,8,1.0
2024-09-01,Ph01_Z01_C01,3.76025E+12,1.0,0.0,1.0,0.0,1.1428571428571428,1.0714285714285714,6,1,9,1.0
2024-09-02,Ph01_Z01_C01,3.76025E+12,1.0,1.0,0.0,2.0,1.2857142857142858,1.0,0,0,9,0.0
2024-09-03,Ph01_Z01_C01,3.76025E+12,0.0,1.0,0.0,1.0,1.2857142857142858,0.9285714285714286,1,0,9,2.0
2024-09-04,Ph01_Z01_C01,3.76025E+12,2.0,0.0,1.0,1.0,1.4285714285714286,1.0,2,0,9,0.0
2024-09-05,Ph01_Z01_C01,3.76025E+12,0.0,2.0,2.0,0.0,1.1428571428571428,1.0,3,0,9,1.0
2024-09-06,Ph01_Z01_C01,3.76025E+12,1.0,0.0,4.0,0.0,0.7142857142857143,1.0714285714285714,4,0,9,0.0
2024-09-07,Ph01_Z01_C01,3.76025E+12,0.0,1.0,0.0,2.0,0.7142857142857143,0.9285714285714286,5,1,9,0.0
2024-09-08,Ph01_Z01_C01,3.76025E+12,0.0,0.0,1.0,1.0,0.5714285714285714,0.8571428571428571,6,1,9,1.0
2024-09-09,Ph01_Z01_C01,3.76025E+12,1.0,0.0,1.0,0.0,0.5714285714285714,0.9285714285714286,0,0,9,0.0
2024-09-10,Ph01_Z01_C01,3.76025E+12,0.0,1.0,0.0,0.0,0.5714285714285714,0.9285714285714286,1,0,9,0.0
2024-09-11,Ph01_Z01_C01,3.76025E+12,0.0,0.0,2.0,1.0,0.2857142857142857,0.8571428571428571,2,0,9,2.0
2024-09-12,Ph01_Z01_C01,3.76025E+12,2.0,0.0,0.0,2.0,0.5714285714285714,0.8571428571428571,3,0,9,0.0
2024-09-13,Ph01_Z01_C01,3.76025E+12,0.0,2.0,1.0,4.0,0.42857142857142855,0.5714285714285714,4,0,9,1.0
2024-09-14,Ph01_Z01_C01,3.76025E+12,1.0,0.0,0.0,0.0,0.5714285714285714,0.6428571428571429,5,1,9,0.0
2024-09-15,Ph01_Z01_C01,3.76025E+12,0.0,1.0,0.0,1.0,0.5714285714285714,0.5714285714285714,6,1,9,0.0
2024-09-16,Ph01_Z01_C01,3.76025E+12,0.0,0.0,1.0,1.0,0.42857142857142855,0.5,0,0,9,0.0
2024-09-17,Ph01_Z01_C01,3.76025E+12,0.0,0.0,0.0,0.0,0.42857142857142855,0.5,1,0,9,0.0
2024-09-18,Ph01_Z01_C01,3.76025E+12,0.0,0.0,0.0,2.0,0.42857142857142855,0.35714285714285715,2,0,9,0.0
2024-09-19,Ph01_Z01_C01,3.76025E+12,0.0,0.0,2.0,0.0,0.14285714285714285,0.35714285714285715,3,0,9,0.0
2024-09-20,Ph01_Z01_C01,3.76025E+12,0.0,0.0,0.0,1.0,0.14285714285714285,0.2857142857142857,4,0,9,0.0
2024-09-21,Ph01_Z01_C01,3.76025E+12,0.0,0.0,1.0,0.0,0.0,0.2857142857142857,5,1,9,1.0
2024-09-22,Ph01_Z01_C01,3.76025E+12,1.0,0.0,0.0,0.0,0.14285714285714285,0.35714285714285715,6,1,9,0.0
2024-09-23,Ph01_Z01_C01,3.76025E+12,0.0,1.0,0.0,1.0,0.14285714285714285,0.2857142857142857,0,0,9,0.0
2024-09-24,Ph01_Z01_C01,3.76025E+12,0.0,0.0,0.0,0.0,0.14285714285714285,0.2857142857142857,1,0,9,0.0
2024-09-25,Ph01_Z01_C01,3.76025E+12,0.0,0.0,0.0,0.0,0.14285714285714285,0.2857142857142857,2,0,9,1.0
2024-09-26,Ph01_Z01_C01,3.76025E+12,1.0,0.0,0.0,2.0,0.2857142857142857,0.21428571428571427,3,0,9,1.0
2024-09-27,Ph01_Z01_C01,3.76025E+12,1.0,1.0,0.0,0.0,0.42857142857142855,0.2857142857142857,4,0,9,0.0
2024-09-28,Ph01_Z01_C01,3.76025E+12,0.0,1.0,0.0,1.0,0.42857142857142855,0.21428571428571427,5,1,9,0.0
2024-09-29,Ph01_Z01_C01,3.76025E+12,0.0,0.0,1.0,0.0,0.2857142857142857,0.21428571428571427,6,1,9,2.0
2024-09-30,Ph01_Z01_C01,3.76025E+12,2.0,0.0,0.0,0.0,0.5714285714285714,0.35714285714285715,0,0,9,0.0
2024-10-01,Ph01_Z01_C01,3.76025E+12,0.0,2.0,0.0,0.0,0.5714285714285714,0.35714285714285715,1,0,10,0.0
2024-10-02,Ph01_Z01_C01,3.76025E+12,0.0,0.0,0.0,0.0,0.5714285714285714,0.35714285714285715,2,0,10,2.0
2024-10-03,Ph01_Z01_C01,3.76025E+12,2.0,0.0,1.0,0.0,0.7142857142857143,0.5,3,0,10,1.0
2024-10-04,Ph01_Z01_C01,3.76025E+12,1.0,2.0,1.0,0.0,0.7142857142857143,0.5714285714285714,4,0,10,0.0
2024-10-05,Ph01_Z01_C01,3.76025E+12,0.0,1.0,0.0,0.0,0.7142857142857143,0.5714285714285714,5,1,10,3.0
2024-10-06,Ph01_Z01_C01,3.76025E+12,3.0,0.0,0.0,1.0,1.1428571428571428,0.7142857142857143,6,1,10,0.0
2024-10-07,Ph01_Z01_C01,3.76025E+12,0.0,3.0,2.0,0.0,0.8571428571428571,0.7142857142857143,0,0,10,0.0
2024-10-08,Ph01_Z01_C01,3.76025E+12,0.0,0.0,0.0,0.0,0.8571428571428571,0.7142857142857143,1,0,10,0.0
2024-10-09,Ph01_Z01_C01,3.76025E+12,0.0,0.0,0.0,0.0,0.8571428571428571,0.7142857142857143,2,0,10,1.0
2024-10-10,Ph01_Z01_C01,3.76025E+12,1.0,0.0,2.0,1.0,0.7142857142857143,0.7142857142857143,3,0,10,1.0
2024-10-11,Ph01_Z01_C01,3.76025E+12,1.0,1.0,1.0,1.0,0.7142857142857143,0.7142857142857143,4,0,10,0.0
2024-10-12,Ph01_Z01_C01,3.76025E+12,0.0,1.0,0.0,0.0,0.7142857142857143,0.7142857142857143,5,1,10,7.0
2024-10-13,Ph01_Z01_C01,3.76025E+12,7.0,0.0,3.0,0.0,1.2857142857142858,1.2142857142857142,6,1,10,0.0
2024-10-14,Ph01_Z01_C01,3.76025E+12,0.0,7.0,0.0,2.0,1.2857142857142858,1.0714285714285714,0,0,10,2.0
2024-10-15,Ph01_Z01_C01,3.76025E+12,2.0,0.0,0.0,0.0,1.5714285714285714,1.2142857142857142,1,0,10,1.0
2024-10-16,Ph01_Z01_C01,3.76025E+12,1.0,2.0,0.0,0.0,1.7142857142857142,1.2857142857142858,2,0,10,1.0
2024-10-17,Ph01_Z01_C01,3.76025E+12,1.0,1.0,1.0,2.0,1.7142857142857142,1.2142857142857142,3,0,10,1.0
2024-10-18,Ph01_Z01_C01,3.76025E+12,1.0,1.0,1.0,1.0,1.7142857142857142,1.2142857142857142,4,0,10,0.0
2024-10-19,Ph01_Z01_C01,3.76025E+12,0.0,1.0,0.0,0.0,1.7142857142857142,1.2142857142857142,5,1,10,0.0
2024-10-20,Ph01_Z01_C01,3.76025E+12,0.0,0.0,7.0,3.0,0.7142857142857143,1.0,6,1,10,1.0
2024-10-21,Ph01_Z01_C01,3.76025E+12,1.0,0.0,0.0,0.0,0.8571428571428571,1.0714285714285714,0,0,10,1.0
2024-10-22,Ph01_Z01_C01,3.76025E+12,1.0,1.0,2.0,0.0,0.7142857142857143,1.1428571428571428,1,0,10,0.0
2024-10-23,Ph01_Z01_C01,3.76025E+12,0.0,1.0,1.0,0.0,0.5714285714285714,1.1428571428571428,2,0,10,1.0
2024-10-24,Ph01_Z01_C01,3.76025E+12,1.0,0.0,1.0,1.0,0.5714285714285714,1.1428571428571428,3,0,10,1.0
2024-10-25,Ph01_Z01_C01,3.76025E+12,1.0,1.0,1.0,1.0,0.5714285714285714,1.1428571428571428,4,0,10,0.0
2024-10-26,Ph01_Z01_C01,3.76025E+12,0.0,1.0,0.0,0.0,0.5714285714285714,1.1428571428571428,5,1,10,0.0
2024-10-27,Ph01_Z01_C01,3.76025E+12,0.0,0.0,0.0,7.0,0.5714285714285714,0.6428571428571429,6,1,10,0.0
2024-10-28,Ph01_Z01_C01,3.76025E+12,0.0,0.0,1.0,0.0,0.42857142857142855,0.6428571428571429,0,0,10,0.0
2024-10-29,Ph01_Z01_C01,3.76025E+12,0.0,0.0,1.0,2.0,0.2857142857142857,0.5,1,0,10,0.0
2024-10-30,Ph01_Z01_C01,3.76025E+12,0.0,0.0,0.0,1.0,0.2857142857142857,0.42857142857142855,2,0,10,0.0
2024-10-31,Ph01_Z01_C01,3.76025E+12,0.0,0.0,1.0,1.0,0.14285714285714285,0.35714285714285715,3,0,10,2.0
2024-01-04,Ph01_Z01_C01,4.26012E+12,6.0,0.0,0.0,0.0,6.0,6.0,3,0,1,0.0
2024-01-05,Ph01_Z01_C01,4.26012E+12,0.0,6.0,0.0,0.0,3.0,3.0,4,0,1,6.0
2024-01-06,Ph01_Z01_C01,4.26012E+12,6.0,0.0,0.0,0.0,4.0,4.0,5,1,1,0.0
2024-01-07,Ph01_Z01_C01,4.26012E+12,0.0,6.0,0.0,0.0,3.0,3.0,6,1,1,0.0
2024-01-08,Ph01_Z01_C01,4.26012E+12,0.0,0.0,0.0,0.0,2.4,2.4,0,0,1,1.0
2024-01-09,Ph01_Z01_C01,4.26012E+12,1.0,0.0,0.0,0.0,2.1666666666666665,2.1666666666666665,1,0,1,1.0
2024-01-10,Ph01_Z01_C01,4.26012E+12,1.0,1.0,0.0,0.0,2.0,2.0,2,0,1,9.0
2024-01-11,Ph01_Z01_C01,4.26012E+12,9.0,1.0,6.0,0.0,2.4285714285714284,2.875,3,0,1,2.0
2024-01-12,Ph01_Z01_C01,4.26012E+12,2.0,9.0,0.0,0.0,2.7142857142857144,2.7777777777777777,4,0,1,1.0
2024-01-13,Ph01_Z01_C01,4.26012E+12,1.0,2.0,6.0,0.0,2.0,2.6,5,1,1,0.0
2024-01-14,Ph01_Z01_C01,4.26012E+12,0.0,1.0,0.0,0.0,2.0,2.3636363636363638,6,1,1,0.0
2024-01-15,Ph01_Z01_C01,4.26012E+12,0.0,0.0,0.0,0.0,2.0,2.1666666666666665,0,0,1,8.0
2024-01-16,Ph01_Z01_C01,4.26012E+12,8.0,0.0,1.0,0.0,3.0,2.6153846153846154,1,0,1,10.0
2024-01-17,Ph01_Z01_C01,4.26012E+12,10.0,8.0,1.0,0.0,4.285714285714286,3.142857142857143,2,0,1,1.0
2024-01-18,Ph01_Z01_C01,4.26012E+12,1.0,10.0,9.0,6.0,3.142857142857143,2.7857142857142856,3,0,1,0.0
2024-01-19,Ph01_Z01_C01,4.26012E+12,0.0,1.0,2.0,0.0,2.857142857142857,2.7857142857142856,4,0,1,1.0
2024-01-20,Ph01_Z01_C01,4.26012E+12,1.0,0.0,1.0,6.0,2.857142857142857,2.4285714285714284,5,1,1,0.0
2024-01-21,Ph01_Z01_C01,4.26012E+12,0.0,1.0,0.0,0.0,2.857142857142857,2.4285714285714284,6,1,1,0.0
2024-01-22,Ph01_Z01_C01,4.26012E+12,0.0,0.0,0.0,0.0,2.857142857142857,2.4285714285714284,0,0,1,1.0
2024-01-23,Ph01_Z01_C01,4.26012E+12,1.0,0.0,8.0,1.0,1.8571428571428572,2.4285714285714284,1,0,1,0.0
2024-01-24,Ph01_Z01_C01,4.26012E+12,0.0,1.0,10.0,1.0,0.42857142857142855,2.357142857142857,2,0,1,0.0
2024-01-25,Ph01_Z01_C01,4.26012E+12,0.0,0.0,1.0,9.0,0.2857142857142857,1.7142857142857142,3,0,1,0.0
2024-01-26,Ph01_Z01_C01,4.26012E+12,0.0,0.0,0.0,2.0,0.2857142857142857,1.5714285714285714,4,0,1,7.0
2024-01-27,Ph01_Z01_C01,4.26012E+12,7.0,0.0,1.0,1.0,1.1428571428571428,2.0,5,1,1,2.0
2024-01-28,Ph01_Z01_C01,4.26012E+12,2.0,7.0,0.0,0.0,1.4285714285714286,2.142857142857143,6,1,1,1.0
2024-01-29,Ph01_Z01_C01,4.26012E+12,1.0,2.0,0.0,0.0,1.5714285714285714,2.2142857142857144,0,0,1,3.0
2024-01-30,Ph01_Z01_C01,4.26012E+12,3.0,1.0,1.0,8.0,1.8571428571428572,1.8571428571428572,1,0,1,0.0
2024-01-31,Ph01_Z01_C01,4.26012E+12,0.0,3.0,0.0,10.0,1.8571428571428572,1.1428571428571428,2,0,1,5.0
2024-02-01,Ph01_Z01_C01,4.26012E+12,5.0,0.0,0.0,1.0,2.5714285714285716,1.4285714285714286,3,0,2,1.0
2024-02-02,Ph01_Z01_C01,4.26012E+12,1.0,5.0,0.0,0.0,2.7142857142857144,1.5,4,0,2,5.0
2024-02-03,Ph01_Z01_C01,4.26012E+12,5.0,1.0,7.0,1.0,2.4285714285714284,1.7857142857142858,5,1,2,1.0
2024-02-04,Ph01_Z01_C01,4.26012E+12,1.0,5.0,2.0,0.0,2.2857142857142856,1.8571428571428572,6,1,2,1.0
2024-02-05,Ph01_Z01_C01,4.26012E+12,1.0,1.0,1.0,0.0,2.2857142857142856,1.9285714285714286,0,0,2,0.0
2024-02-06,Ph01_Z01_C01,4.26012E+12,0.0,1.0,3.0,1.0,1.8571428571428572,1.8571428571428572,1,0,2,1.0
2024-02-07,Ph01_Z01_C01,4.26012E+12,1.0,0.0,0.0,0.0,2.0,1.9285714285714286,2,0,2,2.0
2024-02-08,Ph01_Z01_C01,4.26012E+12,2.0,1.0,5.0,0.0,1.5714285714285714,2.0714285714285716,3,0,2,1.0
2024-02-09,Ph01_Z01_C01,4.26012E+12,1.0,2.0,1.0,0.0,1.5714285714285714,2.142857142857143,4,0,2,0.0
2024-02-10,Ph01_Z01_C01,4.26012E+12,0.0,1.0,5.0,7.0,0.8571428571428571,1.6428571428571428,5,1,2,0.0
2024-02-11,Ph01_Z01_C01,4.26012E+12,0.0,0.0,1.0,2.0,0.7142857142857143,1.5,6,1,2,0.0
2024-02-12,Ph01_Z01_C01,4.26012E+12,0.0,0.0,1.0,1.0,0.5714285714285714,1.4285714285714286,0,0,2,3.0
2024-02-13,Ph01_Z01_C01,4.26012E+12,3.0,0.0,0.0,3.0,1.0,1.4285714285714286,1,0,2,0.0
2024-02-14,Ph01_Z01_C01,4.26012E+12,0.0,3.0,1.0,0.0,0.8571428571428571,1.4285714285714286,2,0,2,1.0
2024-02-15,Ph01_Z01_C01,4.26012E+12,1.0,0.0,2.0,5.0,0.7142857142857143,1.1428571428571428,3,0,2,1.0
2024-02-16,Ph01_Z01_C01,4.26012E+12,1.0,1.0,1.0,1.0,0.7142857142857143,1.1428571428571428,4,0,2,1.0
2024-02-17,Ph01_Z01_C01,4.26012E+12,1.0,1.0,0.0,5.0,0.8571428571428571,0.8571428571428571,5,1,2,1.0
2024-02-18,Ph01_Z01_C01,4.26012E+12,1.0,1.0,0.0,1.0,1.0,0.8571428571428571,6,1,2,2.0
2024-02-19,Ph01_Z01_C01,4.26012E+12,2.0,1.0,0.0,1.0,1.2857142857142858,0.9285714285714286,0,0,2,4.0
2024-02-20,Ph01_Z01_C01,4.26012E+12,4.0,2.0,3.0,0.0,1.4285714285714286,1.2142857142857142,1,0,2,6.0
2024-02-21,Ph01_Z01_C01,4.26012E+12,6.0,4.0,0.0,1.0,2.2857142857142856,1.5714285714285714,2,0,2,0.0
2024-02-22,Ph01_Z01_C01,4.26012E+12,0.0,6.0,1.0,2.0,2.142857142857143,1.4285714285714286,3,0,2,2.0
2024-02-23,Ph01_Z01_C01,4.26012E+12,2.0,0.0,1.0,1.0,2.2857142857142856,1.5,4,0,2,0.0
2024-02-24,Ph01_Z01_C01,4.26012E+12,0.0,2.0,1.0,0.0,2.142857142857143,1.5,5,1,2,1.0
2024-02-25,Ph01_Z01_C01,4.26012E+12,1.0,0.0,1.0,0.0,2.142857142857143,1.5714285714285714,6,1,2,1.0
2024-02-26,Ph01_Z01_C01,4.26012E+12,1.0,1.0,2.0,0.0,2.0,1.6428571428571428,0,0,2,4.0
2024-02-27,Ph01_Z01_C01,4.26012E+12,4.0,1.0,4.0,3.0,2.0,1.7142857142857142,1,0,2,0.0
2024-02-28,Ph01_Z01_C01,4.26012E+12,0.0,4.0,6.0,0.0,1.1428571428571428,1.7142857142857142,2,0,2,0.0
2024-02-29,Ph01_Z01_C01,4.26012E+12,0.0,0.0,0.0,1.0,1.1428571428571428,1.6428571428571428,3,0,2,0.0
2024-03-01,Ph01_Z01_C01,4.26012E+12,0.0,0.0,2.0,1.0,0.8571428571428571,1.5714285714285714,4,0,3,3.0
2024-03-02,Ph01_Z01_C01,4.26012E+12,3.0,0.0,0.0,1.0,1.2857142857142858,1.7142857142857142,5,1,3,6.0
2024-03-03,Ph01_Z01_C01,4.26012E+12,6.0,3.0,1.0,1.0,2.0,2.0714285714285716,6,1,3,3.0
2024-03-04,Ph01_Z01_C01,4.26012E+12,3.0,6.0,1.0,2.0,2.2857142857142856,2.142857142857143,0,0,3,1.0
2024-03-05,Ph01_Z01_C01,4.26012E+12,1.0,3.0,4.0,4.0,1.8571428571428572,1.9285714285714286,1,0,3,1.0
2024-03-06,Ph01_Z01_C01,4.26012E+12,1.0,1.0,0.0,6.0,2.0,1.5714285714285714,2,0,3,0.0
2024-03-07,Ph01_Z01_C01,4.26012E+12,0.0,1.0,0.0,0.0,2.0,1.5714285714285714,3,0,3,1.0
2024-03-08,Ph01_Z01_C01,4.26012E+12,1.0,0.0,0.0,2.0,2.142857142857143,1.5,4,0,3,2.0
2024-03-09,Ph01_Z01_C01,4.26012E+12,2.0,1.0,3.0,0.0,2.0,1.6428571428571428,5,1,3,2.0
2024-03-10,Ph01_Z01_C01,4.26012E+12,2.0,2.0,6.0,1.0,1.4285714285714286,1.7142857142857142,6,1,3,0.0
2024-03-11,Ph01_Z01_C01,4.26012E+12,0.0,2.0,3.0,1.0,1.0,1.6428571428571428,0,0,3,1.0
2024-03-12,Ph01_Z01_C01,4.26012E+12,1.0,0.0,1.0,4.0,1.0,1.4285714285714286,1,0,3,0.0
2024-03-13,Ph01_Z01_C01,4.26012E+12,0.0,1.0,1.0,0.0,0.8571428571428571,1.4285714285714286,2,0,3,0.0
2024-03-14,Ph01_Z01_C01,4.26012E+12,0.0,0.0,0.0,0.0,0.8571428571428571,1.4285714285714286,3,0,3,0.0
2024-03-15,Ph01_Z01_C01,4.26012E+12,0.0,0.0,1.0,0.0,0.7142857142857143,1.4285714285714286,4,0,3,0.0
2024-03-16,Ph01_Z01_C01,4.26012E+12,0.0,0.0,2.0,3.0,0.42857142857142855,1.2142857142857142,5,1,3,0.0
2024-03-17,Ph01_Z01_C01,4.26012E+12,0.0,0.0,2.0,6.0,0.14285714285714285,0.7857142857142857,6,1,3,0.0
2024-03-18,Ph01_Z01_C01,4.26012E+12,0.0,0.0,0.0,3.0,0.14285714285714285,0.5714285714285714,0,0,3,1.0
2024-03-19,Ph01_Z01_C01,4.26012E+12,1.0,0.0,1.0,1.0,0.14285714285714285,0.5714285714285714,1,0,3,0.0
2024-03-20,Ph01_Z01_C01,4.26012E+12,0.0,1.0,0.0,1.0,0.14285714285714285,0.5,2,0,3,4.0
2024-03-21,Ph01_Z01_C01,4.26012E+12,4.0,0.0,0.0,0.0,0.7142857142857143,0.7857142857142857,3,0,3,0.0
2024-03-22,Ph01_Z01_C01,4.26012E+12,0.0,4.0,0.0,1.0,0.7142857142857143,0.7142857142857143,4,0,3,0.0
2024-03-23,Ph01_Z01_C01,4.26012E+12,0.0,0.0,0.0,2.0,0.7142857142857143,0.5714285714285714,5,1,3,4.0
2024-03-24,Ph01_Z01_C01,4.26012E+12,4.0,0.0,0.0,2.0,1.2857142857142858,0.7142857142857143,6,1,3,0.0
2024-03-25,Ph01_Z01_C01,4.26012E+12,0.0,4.0,0.0,0.0,1.2857142857142858,0.7142857142857143,0,0,3,2.0
2024-03-26,Ph01_Z01_C01,4.26012E+12,2.0,0.0,1.0,1.0,1.4285714285714286,0.7857142857142857,1,0,3,0.0
2024-03-27,Ph01_Z01_C01,4.26012E+12,0.0,2.0,0.0,0.0,1.4285714285714286,0.7857142857142857,2,0,3,0.0
2024-03-28,Ph01_Z01_C01,4.26012E+12,0.0,0.0,4.0,0.0,0.8571428571428571,0.7857142857142857,3,0,3,2.0
2024-03-29,Ph01_Z01_C01,4.26012E+12,2.0,0.0,0.0,0.0,1.1428571428571428,0.9285714285714286,4,0,3,3.0
2024-03-30,Ph01_Z01_C01,4.26012E+12,3.0,2.0,0.0,0.0,1.5714285714285714,1.1428571428571428,5,1,3,1.0
2024-03-31,Ph01_Z01_C01,4.26012E+12,1.0,3.0,4.0,0.0,1.1428571428571428,1.2142857142857142,6,1,3,3.0
2024-04-01,Ph01_Z01_C01,4.26012E+12,3.0,1.0,0.0,0.0,1.5714285714285714,1.4285714285714286,0,0,4,8.0
2024-04-02,Ph01_Z01_C01,4.26012E+12,8.0,3.0,2.0,1.0,2.4285714285714284,1.9285714285714286,1,0,4,1.0
2024-04-03,Ph01_Z01_C01,4.26012E+12,1.0,8.0,0.0,0.0,2.5714285714285716,2.0,2,0,4,1.0
2024-04-04,Ph01_Z01_C01,4.26012E+12,1.0,1.0,0.0,4.0,2.7142857142857144,1.7857142857142858,3,0,4,1.0
2024-04-05,Ph01_Z01_C01,4.26012E+12,1.0,1.0,2.0,0.0,2.5714285714285716,1.8571428571428572,4,0,4,3.0
2024-04-06,Ph01_Z01_C01,4.26012E+12,3.0,1.0,3.0,0.0,2.5714285714285716,2.0714285714285716,5,1,4,1.0
2024-04-07,Ph01_Z01_C01,4.26012E+12,1.0,3.0,1.0,4.0,2.5714285714285716,1.8571428571428572,6,1,4,0.0
2024-04-08,Ph01_Z01_C01,4.26012E+12,0.0,1.0,3.0,0.0,2.142857142857143,1.8571428571428572,0,0,4,2.0
2024-04-09,Ph01_Z01_C01,4.26012E+12,2.0,0.0,8.0,2.0,1.2857142857142858,1.8571428571428572,1,0,4,1.0
2024-04-10,Ph01_Z01_C01,4.26012E+12,1.0,2.0,1.0,0.0,1.2857142857142858,1.9285714285714286,2,0,4,0.0
2024-04-11,Ph01_Z01_C01,4.26012E+12,0.0,1.0,1.0,0.0,1.1428571428571428,1.9285714285714286,3,0,4,2.0
2024-04-12,Ph01_Z01_C01,4.26012E+12,2.0,0.0,1.0,2.0,1.2857142857142858,1.9285714285714286,4,0,4,3.0
2024-04-13,Ph01_Z01_C01,4.26012E+12,3.0,2.0,3.0,3.0,1.2857142857142858,1.9285714285714286,5,1,4,4.0
2024-04-14,Ph01_Z01_C01,4.26012E+12,4.0,3.0,1.0,1.0,1.7142857142857142,2.142857142857143,6,1,4,1.0
2024-04-15,Ph01_Z01_C01,4.26012E+12,1.0,4.0,0.0,3.0,1.8571428571428572,2.0,0,0,4,3.0
2024-04-16,Ph01_Z01_C01,4.26012E+12,3.0,1.0,2.0,8.0,2.0,1.6428571428571428,1,0,4,1.0
2024-04-17,Ph01_Z01_C01,4.26012E+12,1.0,3.0,1.0,1.0,2.0,1.6428571428571428,2,0,4,2.0
2024-04-18,Ph01_Z01_C01,4.26012E+12,2.0,1.0,0.0,1.0,2.2857142857142856,1.7142857142857142,3,0,4,3.0
2024-04-19,Ph01_Z01_C01,4.26012E+12,3.0,2.0,2.0,1.0,2.4285714285714284,1.8571428571428572,4,0,4,0.0
2024-04-20,Ph01_Z01_C01,4.26012E+12,0.0,3.0,3.0,3.0,2.0,1.6428571428571428,5,1,4,0.0
2024-04-21,Ph01_Z01_C01,4.26012E+12,0.0,0.0,4.0,1.0,1.4285714285714286,1.5714285714285714,6,1,4,1.0
2024-04-22,Ph01_Z01_C01,4.26012E+12,1.0,0.0,1.0,0.0,1.4285714285714286,1.6428571428571428,0,0,4,0.0
2024-04-23,Ph01_Z01_C01,4.26012E+12,0.0,1.0,3.0,2.0,1.0,1.5,1,0,4,2.0
2024-04-24,Ph01_Z01_C01,4.26012E+12,2.0,0.0,1.0,1.0,1.1428571428571428,1.5714285714285714,2,0,4,4.0
2024-04-25,Ph01_Z01_C01,4.26012E+12,4.0,2.0,2.0,0.0,1.4285714285714286,1.8571428571428572,3,0,4,2.0
2024-04-26,Ph01_Z01_C01,4.26012E+12,2.0,4.0,3.0,2.0,1.2857142857142858,1.8571428571428572,4,0,4,1.0
2024-04-27,Ph01_Z01_C01,4.26012E+12,1.0,2.0,0.0,3.0,1.4285714285714286,1.7142857142857142,5,1,4,3.0
2024-04-28,Ph01_Z01_C01,4.26012E+12,3.0,1.0,0.0,4.0,1.8571428571428572,1.6428571428571428,6,1,4,0.0
2024-04-29,Ph01_Z01_C01,4.26012E+12,0.0,3.0,1.0,1.0,1.7142857142857142,1.5714285714285714,0,0,4,7.0
2024-04-30,Ph01_Z01_C01,4.26012E+12,7.0,0.0,0.0,3.0,2.7142857142857144,1.8571428571428572,1,0,4,0.0
2024-05-01,Ph01_Z01_C01,4.26012E+12,0.0,7.0,2.0,1.0,2.4285714285714284,1.7857142857142858,2,0,5,3.0
2024-05-02,Ph01_Z01_C01,4.26012E+12,3.0,0.0,4.0,2.0,2.2857142857142856,1.8571428571428572,3,0,5,3.0
2024-05-03,Ph01_Z01_C01,4.26012E+12,3.0,3.0,2.0,3.0,2.4285714285714284,1.8571428571428572,4,0,5,1.0
2024-05-04,Ph01_Z01_C01,4.26012E+12,1.0,3.0,1.0,0.0,2.4285714285714284,1.9285714285714286,5,1,5,0.0
2024-05-05,Ph01_Z01_C01,4.26012E+12,0.0,1.0,3.0,0.0,2.0,1.9285714285714286,6,1,5,2.0
2024-05-06,Ph01_Z01_C01,4.26012E+12,2.0,0.0,0.0,1.0,2.2857142857142856,2.0,0,0,5,0.0
2024-05-07,Ph01_Z01_C01,4.26012E+12,0.0,2.0,7.0,0.0,1.2857142857142858,2.0,1,0,5,0.0
2024-05-08,Ph01_Z01_C01,4.26012E+12,0.0,0.0,0.0,2.0,1.2857142857142858,1.8571428571428572,2,0,5,5.0
2024-05-09,Ph01_Z01_C01,4.26012E+12,5.0,0.0,3.0,4.0,1.5714285714285714,1.9285714285714286,3,0,5,0.0
2024-05-10,Ph01_Z01_C01,4.26012E+12,0.0,5.0,3.0,2.0,1.1428571428571428,1.7857142857142858,4,0,5,2.0
2024-05-11,Ph01_Z01_C01,4.26012E+12,2.0,0.0,1.0,1.0,1.2857142857142858,1.8571428571428572,5,1,5,1.0
2024-05-12,Ph01_Z01_C01,4.26012E+12,1.0,2.0,0.0,3.0,1.4285714285714286,1.7142857142857142,6,1,5,0.0
2024-05-13,Ph01_Z01_C01,4.26012E+12,0.0,1.0,2.0,0.0,1.1428571428571428,1.7142857142857142,0,0,5,0.0
2024-05-14,Ph01_Z01_C01,4.26012E+12,0.0,0.0,0.0,7.0,1.1428571428571428,1.2142857142857142,1,0,5,0.0
2024-05-15,Ph01_Z01_C01,4.26012E+12,0.0,0.0,0.0,0.0,1.1428571428571428,1.2142857142857142,2,0,5,6.0
2024-05-16,Ph01_Z01_C01,4.26012E+12,6.0,0.0,5.0,3.0,1.2857142857142858,1.4285714285714286,3,0,5,0.0
2024-05-17,Ph01_Z01_C01,4.26012E+12,0.0,6.0,0.0,3.0,1.2857142857142858,1.2142857142857142,4,0,5,2.0
2024-05-18,Ph01_Z01_C01,4.26012E+12,2.0,0.0,2.0,1.0,1.2857142857142858,1.2857142857142858,5,1,5,1.0
2024-05-19,Ph01_Z01_C01,4.26012E+12,1.0,2.0,1.0,0.0,1.2857142857142858,1.3571428571428572,6,1,5,0.0
2024-05-20,Ph01_Z01_C01,4.26012E+12,0.0,1.0,0.0,2.0,1.2857142857142858,1.2142857142857142,0,0,5,4.0
2024-05-21,Ph01_Z01_C01,4.26012E+12,4.0,0.0,0.0,0.0,1.8571428571428572,1.5,1,0,5,0.0
2024-05-22,Ph01_Z01_C01,4.26012E+12,0.0,4.0,0.0,0.0,1.8571428571428572,1.5,2,0,5,2.0
2024-05-23,Ph01_Z01_C01,4.26012E+12,2.0,0.0,6.0,5.0,1.2857142857142858,1.2857142857142858,3,0,5,1.0
2024-05-24,Ph01_Z01_C01,4.26012E+12,1.0,2.0,0.0,0.0,1.4285714285714286,1.3571428571428572,4,0,5,1.0
2024-05-25,Ph01_Z01_C01,4.26012E+12,1.0,1.0,2.0,2.0,1.2857142857142858,1.2857142857142858,5,1,5,1.0
2024-05-26,Ph01_Z01_C01,4.26012E+12,1.0,1.0,1.0,1.0,1.2857142857142858,1.2857142857142858,6,1,5,1.0
2024-05-27,Ph01_Z01_C01,4.26012E+12,1.0,1.0,0.0,0.0,1.4285714285714286,1.3571428571428572,0,0,5,0.0
2024-05-28,Ph01_Z01_C01,4.26012E+12,0.0,1.0,4.0,0.0,0.8571428571428571,1.3571428571428572,1,0,5,0.0
2024-05-29,Ph01_Z01_C01,4.26012E+12,0.0,0.0,0.0,0.0,0.8571428571428571,1.3571428571428572,2,0,5,1.0
2024-05-30,Ph01_Z01_C01,4.26012E+12,1.0,0.0,2.0,6.0,0.7142857142857143,1.0,3,0,5,1.0
2024-05-31,Ph01_Z01_C01,4.26012E+12,1.0,1.0,1.0,0.0,0.7142857142857143,1.0714285714285714,4,0,5,1.0
2024-06-01,Ph01_Z01_C01,4.26012E+12,1.0,1.0,1.0,2.0,0.7142857142857143,1.0,5,1,6,2.0
2024-06-02,Ph01_Z01_C01,4.26012E+12,2.0,1.0,1.0,1.0,0.8571428571428571,1.0714285714285714,6,1,6,1.0
2024-06-03,Ph01_Z01_C01,4.26012E+12,1.0,2.0,1.0,0.0,0.8571428571428571,1.1428571428571428,0,0,6,0.0
2024-06-04,Ph01_Z01_C01,4.26012E+12,0.0,1.0,0.0,4.0,0.8571428571428571,0.8571428571428571,1,0,6,5.0
2024-06-05,Ph01_Z01_C01,4.26012E+12,5.0,0.0,0.0,0.0,1.5714285714285714,1.2142857142857142,2,0,6,2.0
2024-06-06,Ph01_Z01_C01,4.26012E+12,2.0,5.0,1.0,2.0,1.7142857142857142,1.2142857142857142,3,0,6,0.0
2024-06-07,Ph01_Z01_C01,4.26012E+12,0.0,2.0,1.0,1.0,1.5714285714285714,1.1428571428571428,4,0,6,1.0
2024-06-08,Ph01_Z01_C01,4.26012E+12,1.0,0.0,1.0,1.0,1.5714285714285714,1.1428571428571428,5,1,6,0.0
2024-06-09,Ph01_Z01_C01,4.26012E+12,0.0,1.0,2.0,1.0,1.2857142857142858,1.0714285714285714,6,1,6,3.0
2024-06-10,Ph01_Z01_C01,4.26012E+12,3.0,0.0,1.0,1.0,1.5714285714285714,1.2142857142857142,0,0,6,4.0
2024-06-11,Ph01_Z01_C01,4.26012E+12,4.0,3.0,0.0,0.0,2.142857142857143,1.5,1,0,6,1.0
2024-06-12,Ph01_Z01_C01,4.26012E+12,1.0,4.0,5.0,0.0,1.5714285714285714,1.5714285714285714,2,0,6,4.0
2024-06-13,Ph01_Z01_C01,4.26012E+12,4.0,1.0,2.0,1.0,1.8571428571428572,1.7857142857142858,3,0,6,0.0
2024-06-14,Ph01_Z01_C01,4.26012E+12,0.0,4.0,0.0,1.0,1.8571428571428572,1.7142857142857142,4,0,6,4.0
2024-06-15,Ph01_Z01_C01,4.26012E+12,4.0,0.0,1.0,1.0,2.2857142857142856,1.9285714285714286,5,1,6,1.0
2024-06-16,Ph01_Z01_C01,4.26012E+12,1.0,4.0,0.0,2.0,2.4285714285714284,1.8571428571428572,6,1,6,0.0
2024-06-17,Ph01_Z01_C01,4.26012E+12,0.0,1.0,3.0,1.0,2.0,1.7857142857142858,0,0,6,1.0
2024-06-18,Ph01_Z01_C01,4.26012E+12,1.0,0.0,4.0,0.0,1.5714285714285714,1.8571428571428572,1,0,6,4.0
2024-06-19,Ph01_Z01_C01,4.26012E+12,4.0,1.0,1.0,5.0,2.0,1.7857142857142858,2,0,6,1.0
2024-06-20,Ph01_Z01_C01,4.26012E+12,1.0,4.0,4.0,2.0,1.5714285714285714,1.7142857142857142,3,0,6,2.0
2024-06-21,Ph01_Z01_C01,4.26012E+12,2.0,1.0,0.0,0.0,1.8571428571428572,1.8571428571428572,4,0,6,1.0
2024-06-22,Ph01_Z01_C01,4.26012E+12,1.0,2.0,4.0,1.0,1.4285714285714286,1.8571428571428572,5,1,6,7.0
2024-06-23,Ph01_Z01_C01,4.26012E+12,7.0,1.0,1.0,0.0,2.2857142857142856,2.357142857142857,6,1,6,1.0
2024-06-24,Ph01_Z01_C01,4.26012E+12,1.0,7.0,0.0,3.0,2.4285714285714284,2.2142857142857144,0,0,6,0.0
2024-06-25,Ph01_Z01_C01,4.26012E+12,0.0,1.0,1.0,4.0,2.2857142857142856,1.9285714285714286,1,0,6,5.0
2024-06-26,Ph01_Z01_C01,4.26012E+12,5.0,0.0,4.0,1.0,2.4285714285714284,2.2142857142857144,2,0,6,0.0
2024-06-27,Ph01_Z01_C01,4.26012E+12,0.0,5.0,1.0,4.0,2.2857142857142856,1.9285714285714286,3,0,6,4.0
2024-06-28,Ph01_Z01_C01,4.26012E+12,4.0,0.0,2.0,0.0,2.5714285714285716,2.2142857142857144,4,0,6,1.0
2024-06-29,Ph01_Z01_C01,4.26012E+12,1.0,4.0,1.0,4.0,2.5714285714285716,2.0,5,1,6,4.0
2024-06-30,Ph01_Z01_C01,4.26012E+12,4.0,1.0,7.0,1.0,2.142857142857143,2.2142857142857144,6,1,6,4.0
2024-07-01,Ph01_Z01_C01,4.26012E+12,4.0,4.0,1.0,0.0,2.5714285714285716,2.5,0,0,7,1.0
2024-07-02,Ph01_Z01_C01,4.26012E+12,1.0,4.0,0.0,1.0,2.7142857142857144,2.5,1,0,7,0.0
2024-07-03,Ph01_Z01_C01,4.26012E+12,0.0,1.0,5.0,4.0,2.0,2.2142857142857144,2,0,7,1.0
2024-07-04,Ph01_Z01_C01,4.26012E+12,1.0,0.0,0.0,1.0,2.142857142857143,2.2142857142857144,3,0,7,1.0
2024-07-05,Ph01_Z01_C01,4.26012E+12,1.0,1.0,4.0,2.0,1.7142857142857142,2.142857142857143,4,0,7,0.0
2024-07-06,Ph01_Z01_C01,4.26012E+12,0.0,1.0,1.0,1.0,1.5714285714285714,2.0714285714285716,5,1,7,2.0
2024-07-07,Ph01_Z01_C01,4.26012E+12,2.0,0.0,4.0,7.0,1.2857142857142858,1.7142857142857142,6,1,7,1.0
2024-07-08,Ph01_Z01_C01,4.26012E+12,1.0,2.0,4.0,1.0,0.8571428571428571,1.7142857142857142,0,0,7,2.0
2024-07-09,Ph01_Z01_C01,4.26012E+12,2.0,1.0,1.0,0.0,1.0,1.8571428571428572,1,0,7,2.0
2024-07-10,Ph01_Z01_C01,4.26012E+12,2.0,2.0,0.0,5.0,1.2857142857142858,1.6428571428571428,2,0,7,0.0
2024-07-11,Ph01_Z01_C01,4.26012E+12,0.0,2.0,1.0,0.0,1.1428571428571428,1.6428571428571428,3,0,7,3.0
2024-07-12,Ph01_Z01_C01,4.26012E+12,3.0,0.0,1.0,4.0,1.4285714285714286,1.5714285714285714,4,0,7,0.0
2024-07-13,Ph01_Z01_C01,4.26012E+12,0.0,3.0,0.0,1.0,1.4285714285714286,1.5,5,1,7,1.0
2024-07-14,Ph01_Z01_C01,4.26012E+12,1.0,0.0,2.0,4.0,1.2857142857142858,1.2857142857142858,6,1,7,3.0
2024-07-15,Ph01_Z01_C01,4.26012E+12,3.0,1.0,1.0,4.0,1.5714285714285714,1.2142857142857142,0,0,7,0.0
2024-07-16,Ph01_Z01_C01,4.26012E+12,0.0,3.0,2.0,1.0,1.2857142857142858,1.1428571428571428,1,0,7,0.0
2024-07-17,Ph01_Z01_C01,4.26012E+12,0.0,0.0,2.0,0.0,1.0,1.1428571428571428,2,0,7,1.0
2024-07-18,Ph01_Z01_C01,4.26012E+12,1.0,0.0,0.0,1.0,1.1428571428571428,1.1428571428571428,3,0,7,5.0
2024-07-19,Ph01_Z01_C01,4.26012E+12,5.0,1.0,3.0,1.0,1.4285714285714286,1.4285714285714286,4,0,7,9.0
2024-07-20,Ph01_Z01_C01,4.26012E+12,9.0,5.0,0.0,0.0,2.7142857142857144,2.0714285714285716,5,1,7,0.0
2024-07-21,Ph01_Z01_C01,4.26012E+12,0.0,9.0,1.0,2.0,2.5714285714285716,1.9285714285714286,6,1,7,0.0
2024-07-22,Ph01_Z01_C01,4.26012E+12,0.0,0.0,3.0,1.0,2.142857142857143,1.8571428571428572,0,0,7,0.0
2024-07-23,Ph01_Z01_C01,4.26012E+12,0.0,0.0,0.0,2.0,2.142857142857143,1.7142857142857142,1,0,7,2.0
2024-07-24,Ph01_Z01_C01,4.26012E+12,2.0,0.0,0.0,2.0,2.4285714285714284,1.7142857142857142,2,0,7,1.0
2024-07-25,Ph01_Z01_C01,4.26012E+12,1.0,2.0,1.0,0.0,2.4285714285714284,1.7857142857142858,3,0,7,4.0
2024-07-26,Ph01_Z01_C01,4.26012E+12,4.0,1.0,5.0,3.0,2.2857142857142856,1.8571428571428572,4,0,7,0.0
2024-07-27,Ph01_Z01_C01,4.26012E+12,0.0,4.0,9.0,0.0,1.0,1.8571428571428572,5,1,7,1.0
2024-07-28,Ph01_Z01_C01,4.26012E+12,1.0,0.0,0.0,1.0,1.1428571428571428,1.8571428571428572,6,1,7,1.0
2024-07-29,Ph01_Z01_C01,4.26012E+12,1.0,1.0,0.0,3.0,1.2857142857142858,1.7142857142857142,0,0,7,0.0
2024-07-30,Ph01_Z01_C01,4.26012E+12,0.0,1.0,0.0,0.0,1.2857142857142858,1.7142857142857142,1,0,7,0.0
2024-07-31,Ph01_Z01_C01,4.26012E+12,0.0,0.0,2.0,0.0,1.0,1.7142857142857142,2,0,7,1.0
2024-08-01,Ph01_Z01_C01,4.26012E+12,1.0,0.0,1.0,1.0,1.0,1.7142857142857142,3,0,8,0.0
2024-08-02,Ph01_Z01_C01,4.26012E+12,0.0,1.0,4.0,5.0,0.42857142857142855,1.3571428571428572,4,0,8,0.0
2024-08-03,Ph01_Z01_C01,4.26012E+12,0.0,0.0,0.0,9.0,0.42857142857142855,0.7142857142857143,5,1,8,0.0
2024-08-04,Ph01_Z01_C01,4.26012E+12,0.0,0.0,1.0,0.0,0.2857142857142857,0.7142857142857143,6,1,8,1.0
2024-08-05,Ph01_Z01_C01,4.26012E+12,1.0,0.0,1.0,0.0,0.2857142857142857,0.7857142857142857,0,0,8,3.0
2024-08-06,Ph01_Z01_C01,4.26012E+12,3.0,1.0,0.0,0.0,0.7142857142857143,1.0,1,0,8,1.0
2024-08-07,Ph01_Z01_C01,4.26012E+12,1.0,3.0,0.0,2.0,0.8571428571428571,0.9285714285714286,2,0,8,0.0
2024-08-08,Ph01_Z01_C01,4.26012E+12,0.0,1.0,1.0,1.0,0.7142857142857143,0.8571428571428571,3,0,8,1.0
2024-08-09,Ph01_Z01_C01,4.26012E+12,1.0,0.0,0.0,4.0,0.8571428571428571,0.6428571428571429,4,0,8,1.0
2024-08-10,Ph01_Z01_C01,4.26012E+12,1.0,1.0,0.0,0.0,1.0,0.7142857142857143,5,1,8,1.0
2024-08-11,Ph01_Z01_C01,4.26012E+12,1.0,1.0,0.0,1.0,1.1428571428571428,0.7142857142857143,6,1,8,2.0
2024-08-12,Ph01_Z01_C01,4.26012E+12,2.0,1.0,1.0,1.0,1.2857142857142858,0.7857142857142857,0,0,8,1.0
2024-08-13,Ph01_Z01_C01,4.26012E+12,1.0,2.0,3.0,0.0,1.0,0.8571428571428571,1,0,8,2.0
2024-08-14,Ph01_Z01_C01,4.26012E+12,2.0,1.0,1.0,0.0,1.1428571428571428,1.0,2,0,8,0.0
2024-08-15,Ph01_Z01_C01,4.26012E+12,0.0,2.0,0.0,1.0,1.1428571428571428,0.9285714285714286,3,0,8,2.0
2024-08-16,Ph01_Z01_C01,4.26012E+12,2.0,0.0,1.0,0.0,1.2857142857142858,1.0714285714285714,4,0,8,5.0
2024-08-17,Ph01_Z01_C01,4.26012E+12,5.0,2.0,1.0,0.0,1.8571428571428572,1.4285714285714286,5,1,8,0.0
2024-08-18,Ph01_Z01_C01,4.26012E+12,0.0,5.0,1.0,0.0,1.7142857142857142,1.4285714285714286,6,1,8,1.0
2024-08-19,Ph01_Z01_C01,4.26012E+12,1.0,0.0,2.0,1.0,1.5714285714285714,1.4285714285714286,0,0,8,0.0
2024-08-20,Ph01_Z01_C01,4.26012E+12,0.0,1.0,1.0,3.0,1.4285714285714286,1.2142857142857142,1,0,8,1.0
2024-08-21,Ph01_Z01_C01,4.26012E+12,1.0,0.0,2.0,1.0,1.2857142857142858,1.2142857142857142,2,0,8,1.0
2024-08-22,Ph01_Z01_C01,4.26012E+12,1.0,1.0,0.0,0.0,1.4285714285714286,1.2857142857142858,3,0,8,0.0
2024-08-23,Ph01_Z01_C01,4.26012E+12,0.0,1.0,2.0,1.0,1.1428571428571428,1.2142857142857142,4,0,8,1.0
2024-08-24,Ph01_Z01_C01,4.26012E+12,1.0,0.0,5.0,1.0,0.5714285714285714,1.2142857142857142,5,1,8,0.0
2024-08-25,Ph01_Z01_C01,4.26012E+12,0.0,1.0,0.0,1.0,0.5714285714285714,1.1428571428571428,6,1,8,2.0
2024-08-26,Ph01_Z01_C01,4.26012E+12,2.0,0.0,1.0,2.0,0.7142857142857143,1.1428571428571428,0,0,8,1.0
2024-08-27,Ph01_Z01_C01,4.26012E+12,1.0,2.0,0.0,1.0,0.8571428571428571,1.1428571428571428,1,0,8,1.0
2024-08-28,Ph01_Z01_C01,4.26012E+12,1.0,1.0,1.0,2.0,0.8571428571428571,1.0714285714285714,2,0,8,0.0
2024-08-29,Ph01_Z01_C01,4.26012E+12,0.0,1.0,1.0,0.0,0.7142857142857143,1.0714285714285714,3,0,8,0.0
2024-08-30,Ph01_Z01_C01,4.26012E+12,0.0,0.0,0.0,2.0,0.7142857142857143,0.9285714285714286,4,0,8,0.0
2024-08-31,Ph01_Z01_C01,4.26012E+12,0.0,0.0,1.0,5.0,0.5714285714285714,0.5714285714285714,5,1,8,2.0
2024-09-01,Ph01_Z01_C01,4.26012E+12,2.0,0.0,0.0,0.0,0.8571428571428571,0.7142857142857143,6,1,9,1.0
2024-09-02,Ph01_Z01_C01,4.26012E+12,1.0,2.0,2.0,1.0,0.7142857142857143,0.7142857142857143,0,0,9,1.0
2024-09-03,Ph01_Z01_C01,4.26012E+12,1.0,1.0,1.0,0.0,0.7142857142857143,0.7857142857142857,1,0,9,2.0
2024-09-04,Ph01_Z01_C01,4.26012E+12,2.0,1.0,1.0,1.0,0.8571428571428571,0.8571428571428571,2,0,9,0.0
2024-09-05,Ph01_Z01_C01,4.26012E+12,0.0,2.0,0.0,1.0,0.8571428571428571,0.7857142857142857,3,0,9,0.0
2024-09-06,Ph01_Z01_C01,4.26012E+12,0.0,0.0,0.0,0.0,0.8571428571428571,0.7857142857142857,4,0,9,5.0
2024-09-07,Ph01_Z01_C01,4.26012E+12,5.0,0.0,0.0,1.0,1.5714285714285714,1.0714285714285714,5,1,9,1.0
2024-09-08,Ph01_Z01_C01,4.26012E+12,1.0,5.0,2.0,0.0,1.4285714285714286,1.1428571428571428,6,1,9,3.0
2024-09-09,Ph01_Z01_C01,4.26012E+12,3.0,1.0,1.0,2.0,1.7142857142857142,1.2142857142857142,0,0,9,1.0
2024-09-10,Ph01_Z01_C01,4.26012E+12,1.0,3.0,1.0,1.0,1.7142857142857142,1.2142857142857142,1,0,9,0.0
2024-09-11,Ph01_Z01_C01,4.26012E+12,0.0,1.0,2.0,1.0,1.4285714285714286,1.1428571428571428,2,0,9,0.0
2024-09-12,Ph01_Z01_C01,4.26012E+12,0.0,0.0,0.0,0.0,1.4285714285714286,1.1428571428571428,3,0,9,0.0
2024-09-13,Ph01_Z01_C01,4.26012E+12,0.0,0.0,0.0,0.0,1.4285714285714286,1.1428571428571428,4,0,9,0.0
2024-09-14,Ph01_Z01_C01,4.26012E+12,0.0,0.0,5.0,0.0,0.7142857142857143,1.1428571428571428,5,1,9,0.0
2024-09-15,Ph01_Z01_C01,4.26012E+12,0.0,0.0,1.0,2.0,0.5714285714285714,1.0,6,1,9,0.0
2024-09-16,Ph01_Z01_C01,4.26012E+12,0.0,0.0,3.0,1.0,0.14285714285714285,0.9285714285714286,0,0,9,0.0
2024-09-17,Ph01_Z01_C01,4.26012E+12,0.0,0.0,1.0,1.0,0.0,0.8571428571428571,1,0,9,1.0
2024-09-18,Ph01_Z01_C01,4.26012E+12,1.0,0.0,0.0,2.0,0.14285714285714285,0.7857142857142857,2,0,9,1.0
2024-09-19,Ph01_Z01_C01,4.26012E+12,1.0,1.0,0.0,0.0,0.2857142857142857,0.8571428571428571,3,0,9,6.0
2024-09-20,Ph01_Z01_C01,4.26012E+12,6.0,1.0,0.0,0.0,1.1428571428571428,1.2857142857142858,4,0,9,0.0
2024-09-21,Ph01_Z01_C01,4.26012E+12,0.0,6.0,0.0,5.0,1.1428571428571428,0.9285714285714286,5,1,9,1.0
2024-09-22,Ph01_Z01_C01,4.26012E+12,1.0,0.0,0.0,1.0,1.2857142857142858,0.9285714285714286,6,1,9,0.0
2024-09-23,Ph01_Z01_C01,4.26012E+12,0.0,1.0,0.0,3.0,1.2857142857142858,0.7142857142857143,0,0,9,1.0
2024-09-24,Ph01_Z01_C01,4.26012E+12,1.0,0.0,0.0,1.0,1.4285714285714286,0.7142857142857143,1,0,9,3.0
2024-09-25,Ph01_Z01_C01,4.26012E+12,3.0,1.0,1.0,0.0,1.7142857142857142,0.9285714285714286,2,0,9,3.0
2024-09-26,Ph01_Z01_C01,4.26012E+12,3.0,3.0,1.0,0.0,2.0,1.1428571428571428,3,0,9,2.0
2024-09-27,Ph01_Z01_C01,4.26012E+12,2.0,3.0,6.0,0.0,1.4285714285714286,1.2857142857142858,4,0,9,2.0
2024-09-28,Ph01_Z01_C01,4.26012E+12,2.0,2.0,0.0,0.0,1.7142857142857142,1.4285714285714286,5,1,9,8.0
2024-09-29,Ph01_Z01_C01,4.26012E+12,8.0,2.0,1.0,0.0,2.7142857142857144,2.0,6,1,9,0.0
2024-09-30,Ph01_Z01_C01,4.26012E+12,0.0,8.0,0.0,0.0,2.7142857142857144,2.0,0,0,9,3.0
2024-10-01,Ph01_Z01_C01,4.26012E+12,3.0,0.0,1.0,0.0,3.0,2.2142857142857144,1,0,10,1.0
2024-10-02,Ph01_Z01_C01,4.26012E+12,1.0,3.0,3.0,1.0,2.7142857142857144,2.2142857142857144,2,0,10,0.0
2024-10-03,Ph01_Z01_C01,4.26012E+12,0.0,1.0,3.0,1.0,2.2857142857142856,2.142857142857143,3,0,10,2.0
2024-10-04,Ph01_Z01_C01,4.26012E+12,2.0,0.0,2.0,6.0,2.2857142857142856,1.8571428571428572,4,0,10,3.0
2024-10-05,Ph01_Z01_C01,4.26012E+12,3.0,2.0,2.0,0.0,2.4285714285714284,2.0714285714285716,5,1,10,2.0
2024-10-06,Ph01_Z01_C01,4.26012E+12,2.0,3.0,8.0,1.0,1.5714285714285714,2.142857142857143,6,1,10,0.0
2024-10-07,Ph01_Z01_C01,4.26012E+12,0.0,2.0,0.0,0.0,1.5714285714285714,2.142857142857143,0,0,10,6.0
2024-10-08,Ph01_Z01_C01,4.26012E+12,6.0,0.0,3.0,1.0,2.0,2.5,1,0,10,0.0
2024-10-09,Ph01_Z01_C01,4.26012E+12,0.0,6.0,1.0,3.0,1.8571428571428572,2.2857142857142856,2,0,10,1.0
2024-10-10,Ph01_Z01_C01,4.26012E+12,1.0,0.0,0.0,3.0,2.0,2.142857142857143,3,0,10,4.0
2024-10-11,Ph01_Z01_C01,4.26012E+12,4.0,1.0,2.0,2.0,2.2857142857142856,2.2857142857142856,4,0,10,4.0
2024-10-12,Ph01_Z01_C01,4.26012E+12,4.0,4.0,3.0,2.0,2.4285714285714284,2.4285714285714284,5,1,10,3.0
2024-10-13,Ph01_Z01_C01,4.26012E+12,3.0,4.0,2.0,8.0,2.5714285714285716,2.0714285714285716,6,1,10,0.0
2024-10-14,Ph01_Z01_C01,4.26012E+12,0.0,3.0,0.0,0.0,2.5714285714285716,2.0714285714285716,0,0,10,1.0
2024-10-15,Ph01_Z01_C01,4.26012E+12,1.0,0.0,6.0,3.0,1.8571428571428572,1.9285714285714286,1,0,10,4.0
2024-10-16,Ph01_Z01_C01,4.26012E+12,4.0,1.0,0.0,1.0,2.4285714285714284,2.142857142857143,2,0,10,6.0
2024-10-17,Ph01_Z01_C01,4.26012E+12,6.0,4.0,1.0,0.0,3.142857142857143,2.5714285714285716,3,0,10,3.0
2024-10-18,Ph01_Z01_C01,4.26012E+12,3.0,6.0,4.0,2.0,3.0,2.642857142857143,4,0,10,1.0
2024-10-19,Ph01_Z01_C01,4.26012E+12,1.0,3.0,4.0,3.0,2.5714285714285716,2.5,5,1,10,4.0
2024-10-20,Ph01_Z01_C01,4.26012E+12,4.0,1.0,3.0,2.0,2.7142857142857144,2.642857142857143,6,1,10,5.0
2024-10-21,Ph01_Z01_C01,4.26012E+12,5.0,4.0,0.0,0.0,3.4285714285714284,3.0,0,0,10,1.0
2024-10-22,Ph01_Z01_C01,4.26012E+12,1.0,5.0,1.0,6.0,3.4285714285714284,2.642857142857143,1,0,10,1.0
2024-10-23,Ph01_Z01_C01,4.26012E+12,1.0,1.0,4.0,0.0,3.0,2.7142857142857144,2,0,10,0.0
2024-10-24,Ph01_Z01_C01,4.26012E+12,0.0,1.0,6.0,1.0,2.142857142857143,2.642857142857143,3,0,10,1.0
2024-10-25,Ph01_Z01_C01,4.26012E+12,1.0,0.0,3.0,4.0,1.8571428571428572,2.4285714285714284,4,0,10,1.0
2024-10-26,Ph01_Z01_C01,4.26012E+12,1.0,1.0,1.0,4.0,1.8571428571428572,2.2142857142857144,5,1,10,2.0
2024-10-27,Ph01_Z01_C01,4.26012E+12,2.0,1.0,4.0,3.0,1.5714285714285714,2.142857142857143,6,1,10,2.0
2024-10-28,Ph01_Z01_C01,4.26012E+12,2.0,2.0,5.0,0.0,1.1428571428571428,2.2857142857142856,0,0,10,1.0
2024-10-29,Ph01_Z01_C01,4.26012E+12,1.0,2.0,1.0,1.0,1.1428571428571428,2.2857142857142856,1,0,10,9.0
2024-10-30,Ph01_Z01_C01,4.26012E+12,9.0,1.0,1.0,4.0,2.2857142857142856,2.642857142857143,2,0,10,6.0
2024-10-31,Ph01_Z01_C01,4.26012E+12,6.0,9.0,0.0,6.0,3.142857142857143,2.642857142857143,3,0,10,1.0
2024-01-02,Ph01_Z01_C01,5.01262E+12,1.0,0.0,0.0,0.0,1.0,1.0,1,0,1,0.0
2024-01-03,Ph01_Z01_C01,5.01262E+12,0.0,1.0,0.0,0.0,0.5,0.5,2,0,1,0.0
2024-01-04,Ph01_Z01_C01,5.01262E+12,0.0,0.0,0.0,0.0,0.3333333333333333,0.3333333333333333,3,0,1,1.0
2024-01-05,Ph01_Z01_C01,5.01262E+12,1.0,0.0,0.0,0.0,0.5,0.5,4,0,1,0.0
2024-01-06,Ph01_Z01_C01,5.01262E+12,0.0,1.0,0.0,0.0,0.4,0.4,5,1,1,2.0
2024-01-07,Ph01_Z01_C01,5.01262E+12,2.0,0.0,0.0,0.0,0.6666666666666666,0.6666666666666666,6,1,1,1.0
2024-01-08,Ph01_Z01_C01,5.01262E+12,1.0,2.0,0.0,0.0,0.7142857142857143,0.7142857142857143,0,0,1,0.0
2024-01-09,Ph01_Z01_C01,5.01262E+12,0.0,1.0,1.0,0.0,0.5714285714285714,0.625,1,0,1,4.0
2024-01-10,Ph01_Z01_C01,5.01262E+12,4.0,0.0,0.0,0.0,1.1428571428571428,1.0,2,0,1,0.0
2024-01-11,Ph01_Z01_C01,5.01262E+12,0.0,4.0,0.0,0.0,1.1428571428571428,0.9,3,0,1,2.0
2024-01-12,Ph01_Z01_C01,5.01262E+12,2.0,0.0,1.0,0.0,1.2857142857142858,1.0,4,0,1,0.0
2024-01-13,Ph01_Z01_C01,5.01262E+12,0.0,2.0,0.0,0.0,1.2857142857142858,0.9166666666666666,5,1,1,4.0
2024-01-14,Ph01_Z01_C01,5.01262E+12,4.0,0.0,2.0,0.0,1.5714285714285714,1.1538461538461537,6,1,1,3.0
2024-01-15,Ph01_Z01_C01,5.01262E+12,3.0,4.0,1.0,0.0,1.8571428571428572,1.2857142857142858,0,0,1,1.0
2024-01-16,Ph01_Z01_C01,5.01262E+12,1.0,3.0,0.0,1.0,2.0,1.2857142857142858,1,0,1,1.0
2024-01-17,Ph01_Z01_C01,5.01262E+12,1.0,1.0,4.0,0.0,1.5714285714285714,1.3571428571428572,2,0,1,0.0
2024-01-18,Ph01_Z01_C01,5.01262E+12,0.0,1.0,0.0,0.0,1.5714285714285714,1.3571428571428572,3,0,1,0.0
2024-01-19,Ph01_Z01_C01,5.01262E+12,0.0,0.0,2.0,1.0,1.2857142857142858,1.2857142857142858,4,0,1,1.0
2024-01-20,Ph01_Z01_C01,5.01262E+12,1.0,0.0,0.0,0.0,1.4285714285714286,1.3571428571428572,5,1,1,0.0
2024-01-21,Ph01_Z01_C01,5.01262E+12,0.0,1.0,4.0,2.0,0.8571428571428571,1.2142857142857142,6,1,1,2.0
2024-01-22,Ph01_Z01_C01,5.01262E+12,2.0,0.0,3.0,1.0,0.7142857142857143,1.2857142857142858,0,0,1,0.0
2024-01-23,Ph01_Z01_C01,5.01262E+12,0.0,2.0,1.0,0.0,0.5714285714285714,1.2857142857142858,1,0,1,0.0
2024-01-24,Ph01_Z01_C01,5.01262E+12,0.0,0.0,1.0,4.0,0.42857142857142855,1.0,2,0,1,0.0
2024-01-25,Ph01_Z01_C01,5.01262E+12,0.0,0.0,0.0,0.0,0.42857142857142855,1.0,3,0,1,1.0
2024-01-26,Ph01_Z01_C01,5.01262E+12,1.0,0.0,0.0,2.0,0.5714285714285714,0.9285714285714286,4,0,1,3.0
2024-01-27,Ph01_Z01_C01,5.01262E+12,3.0,1.0,1.0,0.0,0.8571428571428571,1.1428571428571428,5,1,1,1.0
2024-01-28,Ph01_Z01_C01,5.01262E+12,1.0,3.0,0.0,4.0,1.0,0.9285714285714286,6,1,1,3.0
2024-01-29,Ph01_Z01_C01,5.01262E+12,3.0,1.0,2.0,3.0,1.1428571428571428,0.9285714285714286,0,0,1,0.0
2024-01-30,Ph01_Z01_C01,5.01262E+12,0.0,3.0,0.0,1.0,1.1428571428571428,0.8571428571428571,1,0,1,1.0
2024-01-31,Ph01_Z01_C01,5.01262E+12,1.0,0.0,0.0,1.0,1.2857142857142858,0.8571428571428571,2,0,1,1.0
2024-02-01,Ph01_Z01_C01,5.01262E+12,1.0,1.0,0.0,0.0,1.4285714285714286,0.9285714285714286,3,0,2,1.0
2024-02-02,Ph01_Z01_C01,5.01262E+12,1.0,1.0,1.0,0.0,1.4285714285714286,1.0,4,0,2,1.0
2024-02-03,Ph01_Z01_C01,5.01262E+12,1.0,1.0,3.0,1.0,1.1428571428571428,1.0,5,1,2,0.0
2024-02-04,Ph01_Z01_C01,5.01262E+12,0.0,1.0,1.0,0.0,1.0,1.0,6,1,2,0.0
2024-02-05,Ph01_Z01_C01,5.01262E+12,0.0,0.0,3.0,2.0,0.5714285714285714,0.8571428571428571,0,0,2,3.0
2024-02-06,Ph01_Z01_C01,5.01262E+12,3.0,0.0,0.0,0.0,1.0,1.0714285714285714,1,0,2,0.0
2024-02-07,Ph01_Z01_C01,5.01262E+12,0.0,3.0,1.0,0.0,0.8571428571428571,1.0714285714285714,2,0,2,1.0
2024-02-08,Ph01_Z01_C01,5.01262E+12,1.0,0.0,1.0,0.0,0.8571428571428571,1.1428571428571428,3,0,2,1.0
2024-02-09,Ph01_Z01_C01,5.01262E+12,1.0,1.0,1.0,1.0,0.8571428571428571,1.1428571428571428,4,0,2,1.0
2024-02-10,Ph01_Z01_C01,5.01262E+12,1.0,1.0,1.0,3.0,0.8571428571428571,1.0,5,1,2,0.0
2024-02-11,Ph01_Z01_C01,5.01262E+12,0.0,1.0,0.0,1.0,0.8571428571428571,0.9285714285714286,6,1,2,1.0
2024-02-12,Ph01_Z01_C01,5.01262E+12,1.0,0.0,0.0,3.0,1.0,0.7857142857142857,0,0,2,0.0
2024-02-13,Ph01_Z01_C01,5.01262E+12,0.0,1.0,3.0,0.0,0.5714285714285714,0.7857142857142857,1,0,2,2.0
2024-02-14,Ph01_Z01_C01,5.01262E+12,2.0,0.0,0.0,1.0,0.8571428571428571,0.8571428571428571,2,0,2,1.0
2024-02-15,Ph01_Z01_C01,5.01262E+12,1.0,2.0,1.0,1.0,0.8571428571428571,0.8571428571428571,3,0,2,0.0
2024-02-16,Ph01_Z01_C01,5.01262E+12,0.0,1.0,1.0,1.0,0.7142857142857143,0.7857142857142857,4,0,2,1.0
2024-02-17,Ph01_Z01_C01,5.01262E+12,1.0,0.0,1.0,1.0,0.7142857142857143,0.7857142857142857,5,1,2,3.0
2024-02-18,Ph01_Z01_C01,5.01262E+12,3.0,1.0,0.0,0.0,1.1428571428571428,1.0,6,1,2,1.0
2024-02-19,Ph01_Z01_C01,5.01262E+12,1.0,3.0,1.0,0.0,1.1428571428571428,1.0714285714285714,0,0,2,1.0
2024-02-20,Ph01_Z01_C01,5.01262E+12,1.0,1.0,0.0,3.0,1.2857142857142858,0.9285714285714286,1,0,2,1.0
2024-02-21,Ph01_Z01_C01,5.01262E+12,1.0,1.0,2.0,0.0,1.1428571428571428,1.0,2,0,2,1.0
2024-02-22,Ph01_Z01_C01,5.01262E+12,1.0,1.0,1.0,1.0,1.1428571428571428,1.0,3,0,2,2.0
2024-02-23,Ph01_Z01_C01,5.01262E+12,2.0,1.0,0.0,1.0,1.4285714285714286,1.0714285714285714,4,0,2,0.0
2024-02-24,Ph01_Z01_C01,5.01262E+12,0.0,2.0,1.0,1.0,1.2857142857142858,1.0,5,1,2,1.0
2024-02-25,Ph01_Z01_C01,5.01262E+12,1.0,0.0,3.0,0.0,1.0,1.0714285714285714,6,1,2,0.0
2024-02-26,Ph01_Z01_C01,5.01262E+12,0.0,1.0,1.0,1.0,0.8571428571428571,1.0,0,0,2,0.0
2024-02-27,Ph01_Z01_C01,5.01262E+12,0.0,0.0,1.0,0.0,0.7142857142857143,1.0,1,0,2,4.0
2024-02-28,Ph01_Z01_C01,5.01262E+12,4.0,0.0,1.0,2.0,1.1428571428571428,1.1428571428571428,2,0,2,1.0
2024-02-29,Ph01_Z01_C01,5.01262E+12,1.0,4.0,1.0,1.0,1.1428571428571428,1.1428571428571428,3,0,2,0.0
2024-03-01,Ph01_Z01_C01,5.01262E+12,0.0,1.0,2.0,0.0,0.8571428571428571,1.1428571428571428,4,0,3,0.0
2024-03-02,Ph01_Z01_C01,5.01262E+12,0.0,0.0,0.0,1.0,0.8571428571428571,1.0714285714285714,5,1,3,2.0
2024-03-03,Ph01_Z01_C01,5.01262E+12,2.0,0.0,1.0,3.0,1.0,1.0,6,1,3,1.0
2024-03-04,Ph01_Z01_C01,5.01262E+12,1.0,2.0,0.0,1.0,1.1428571428571428,1.0,0,0,3,2.0
2024-03-05,Ph01_Z01_C01,5.01262E+12,2.0,1.0,0.0,1.0,1.4285714285714286,1.0714285714285714,1,0,3,2.0
2024-03-06,Ph01_Z01_C01,5.01262E+12,2.0,2.0,4.0,1.0,1.1428571428571428,1.1428571428571428,2,0,3,1.0
2024-03-07,Ph01_Z01_C01,5.01262E+12,1.0,2.0,1.0,1.0,1.1428571428571428,1.1428571428571428,3,0,3,0.0
2024-03-08,Ph01_Z01_C01,5.01262E+12,0.0,1.0,0.0,2.0,1.1428571428571428,1.0,4,0,3,0.0
2024-03-09,Ph01_Z01_C01,5.01262E+12,0.0,0.0,0.0,0.0,1.1428571428571428,1.0,5,1,3,1.0
2024-03-10,Ph01_Z01_C01,5.01262E+12,1.0,0.0,2.0,1.0,1.0,1.0,6,1,3,1.0
2024-03-11,Ph01_Z01_C01,5.01262E+12,1.0,1.0,1.0,0.0,1.0,1.0714285714285714,0,0,3,1.0
2024-03-12,Ph01_Z01_C01,5.01262E+12,1.0,1.0,2.0,0.0,0.8571428571428571,1.1428571428571428,1,0,3,0.0
2024-03-13,Ph01_Z01_C01,5.01262E+12,0.0,1.0,2.0,4.0,0.5714285714285714,0.8571428571428571,2,0,3,0.0
2024-03-14,Ph01_Z01_C01,5.01262E+12,0.0,0.0,1.0,1.0,0.42857142857142855,0.7857142857142857,3,0,3,0.0
2024-03-15,Ph01_Z01_C01,5.01262E+12,0.0,0.0,0.0,0.0,0.42857142857142855,0.7857142857142857,4,0,3,2.0
2024-03-16,Ph01_Z01_C01,5.01262E+12,2.0,0.0,0.0,0.0,0.7142857142857143,0.9285714285714286,5,1,3,0.0
2024-03-17,Ph01_Z01_C01,5.01262E+12,0.0,2.0,1.0,2.0,0.5714285714285714,0.7857142857142857,6,1,3,0.0
2024-03-18,Ph01_Z01_C01,5.01262E+12,0.0,0.0,1.0,1.0,0.42857142857142855,0.7142857142857143,0,0,3,1.0
2024-03-19,Ph01_Z01_C01,5.01262E+12,1.0,0.0,1.0,2.0,0.42857142857142855,0.6428571428571429,1,0,3,1.0
2024-03-20,Ph01_Z01_C01,5.01262E+12,1.0,1.0,0.0,2.0,0.5714285714285714,0.5714285714285714,2,0,3,2.0
2024-03-21,Ph01_Z01_C01,5.01262E+12,2.0,1.0,0.0,1.0,0.8571428571428571,0.6428571428571429,3,0,3,1.0
2024-03-22,Ph01_Z01_C01,5.01262E+12,1.0,2.0,0.0,0.0,1.0,0.7142857142857143,4,0,3,1.0
2024-03-23,Ph01_Z01_C01,5.01262E+12,1.0,1.0,2.0,0.0,0.8571428571428571,0.7857142857142857,5,1,3,2.0
2024-03-24,Ph01_Z01_C01,5.01262E+12,2.0,1.0,0.0,1.0,1.1428571428571428,0.8571428571428571,6,1,3,1.0
2024-03-25,Ph01_Z01_C01,5.01262E+12,1.0,2.0,0.0,1.0,1.2857142857142858,0.8571428571428571,0,0,3,0.0
2024-03-26,Ph01_Z01_C01,5.01262E+12,0.0,1.0,1.0,1.0,1.1428571428571428,0.7857142857142857,1,0,3,0.0
2024-03-27,Ph01_Z01_C01,5.01262E+12,0.0,0.0,1.0,0.0,1.0,0.7857142857142857,2,0,3,4.0
2024-03-28,Ph01_Z01_C01,5.01262E+12,4.0,0.0,2.0,0.0,1.2857142857142858,1.0714285714285714,3,0,3,5.0
2024-03-29,Ph01_Z01_C01,5.01262E+12,5.0,4.0,1.0,0.0,1.8571428571428572,1.4285714285714286,4,0,3,1.0
2024-03-30,Ph01_Z01_C01,5.01262E+12,1.0,5.0,1.0,2.0,1.8571428571428572,1.3571428571428572,5,1,3,0.0
2024-03-31,Ph01_Z01_C01,5.01262E+12,0.0,1.0,2.0,0.0,1.5714285714285714,1.3571428571428572,6,1,3,0.0
2024-04-01,Ph01_Z01_C01,5.01262E+12,0.0,0.0,1.0,0.0,1.4285714285714286,1.3571428571428572,0,0,4,3.0
2024-04-02,Ph01_Z01_C01,5.01262E+12,3.0,0.0,0.0,1.0,1.8571428571428572,1.5,1,0,4,2.0
2024-04-03,Ph01_Z01_C01,5.01262E+12,2.0,3.0,0.0,1.0,2.142857142857143,1.5714285714285714,2,0,4,3.0
2024-04-04,Ph01_Z01_C01,5.01262E+12,3.0,2.0,4.0,2.0,2.0,1.6428571428571428,3,0,4,0.0
2024-04-05,Ph01_Z01_C01,5.01262E+12,0.0,3.0,5.0,1.0,1.2857142857142858,1.5714285714285714,4,0,4,2.0
2024-04-06,Ph01_Z01_C01,5.01262E+12,2.0,0.0,1.0,1.0,1.4285714285714286,1.6428571428571428,5,1,4,0.0
2024-04-07,Ph01_Z01_C01,5.01262E+12,0.0,2.0,0.0,2.0,1.4285714285714286,1.5,6,1,4,2.0
2024-04-08,Ph01_Z01_C01,5.01262E+12,2.0,0.0,0.0,1.0,1.7142857142857142,1.5714285714285714,0,0,4,0.0
2024-04-09,Ph01_Z01_C01,5.01262E+12,0.0,2.0,3.0,0.0,1.2857142857142858,1.5714285714285714,1,0,4,0.0
2024-04-10,Ph01_Z01_C01,5.01262E+12,0.0,0.0,2.0,0.0,1.0,1.5714285714285714,2,0,4,0.0
2024-04-11,Ph01_Z01_C01,5.01262E+12,0.0,0.0,3.0,4.0,0.5714285714285714,1.2857142857142858,3,0,4,2.0
2024-04-12,Ph01_Z01_C01,5.01262E+12,2.0,0.0,0.0,5.0,0.8571428571428571,1.0714285714285714,4,0,4,1.0
2024-04-13,Ph01_Z01_C01,5.01262E+12,1.0,2.0,2.0,1.0,0.7142857142857143,1.0714285714285714,5,1,4,0.0
2024-04-14,Ph01_Z01_C01,5.01262E+12,0.0,1.0,0.0,0.0,0.7142857142857143,1.0714285714285714,6,1,4,0.0
2024-04-15,Ph01_Z01_C01,5.01262E+12,0.0,0.0,2.0,0.0,0.42857142857142855,1.0714285714285714,0,0,4,3.0
2024-04-16,Ph01_Z01_C01,5.01262E+12,3.0,0.0,0.0,3.0,0.8571428571428571,1.0714285714285714,1,0,4,1.0
2024-04-17,Ph01_Z01_C01,5.01262E+12,1.0,3.0,0.0,2.0,1.0,1.0,2,0,4,1.0
2024-04-18,Ph01_Z01_C01,5.01262E+12,1.0,1.0,0.0,3.0,1.1428571428571428,0.8571428571428571,3,0,4,0.0
2024-04-19,Ph01_Z01_C01,5.01262E+12,0.0,1.0,2.0,0.0,0.8571428571428571,0.8571428571428571,4,0,4,1.0
2024-04-20,Ph01_Z01_C01,5.01262E+12,1.0,0.0,1.0,2.0,0.8571428571428571,0.7857142857142857,5,1,4,1.0
2024-04-21,Ph01_Z01_C01,5.01262E+12,1.0,1.0,0.0,0.0,1.0,0.8571428571428571,6,1,4,1.0
2024-04-22,Ph01_Z01_C01,5.01262E+12,1.0,1.0,0.0,2.0,1.1428571428571428,0.7857142857142857,0,0,4,7.0
2024-04-23,Ph01_Z01_C01,5.01262E+12,7.0,1.0,3.0,0.0,1.7142857142857142,1.2857142857142858,1,0,4,2.0
2024-04-24,Ph01_Z01_C01,5.01262E+12,2.0,7.0,1.0,0.0,1.8571428571428572,1.4285714285714286,2,0,4,1.0
2024-04-25,Ph01_Z01_C01,5.01262E+12,1.0,2.0,1.0,0.0,1.8571428571428572,1.5,3,0,4,0.0
2024-04-26,Ph01_Z01_C01,5.01262E+12,0.0,1.0,0.0,2.0,1.8571428571428572,1.3571428571428572,4,0,4,0.0
2024-04-27,Ph01_Z01_C01,5.01262E+12,0.0,0.0,1.0,1.0,1.7142857142857142,1.2857142857142858,5,1,4,1.0
2024-04-28,Ph01_Z01_C01,5.01262E+12,1.0,0.0,1.0,0.0,1.7142857142857142,1.3571428571428572,6,1,4,0.0
2024-04-29,Ph01_Z01_C01,5.01262E+12,0.0,1.0,1.0,0.0,1.5714285714285714,1.3571428571428572,0,0,4,1.0
2024-04-30,Ph01_Z01_C01,5.01262E+12,1.0,0.0,7.0,3.0,0.7142857142857143,1.2142857142857142,1,0,4,2.0
2024-05-01,Ph01_Z01_C01,5.01262E+12,2.0,1.0,2.0,1.0,0.7142857142857143,1.2857142857142858,2,0,5,2.0
2024-05-02,Ph01_Z01_C01,5.01262E+12,2.0,2.0,1.0,1.0,0.8571428571428571,1.3571428571428572,3,0,5,5.0
2024-05-03,Ph01_Z01_C01,5.01262E+12,5.0,2.0,0.0,0.0,1.5714285714285714,1.7142857142857142,4,0,5,0.0
2024-05-04,Ph01_Z01_C01,5.01262E+12,0.0,5.0,0.0,1.0,1.5714285714285714,1.6428571428571428,5,1,5,0.0
2024-05-05,Ph01_Z01_C01,5.01262E+12,0.0,0.0,1.0,1.0,1.4285714285714286,1.5714285714285714,6,1,5,0.0
2024-05-06,Ph01_Z01_C01,5.01262E+12,0.0,0.0,0.0,1.0,1.4285714285714286,1.5,0,0,5,4.0
2024-05-07,Ph01_Z01_C01,5.01262E+12,4.0,0.0,1.0,7.0,1.8571428571428572,1.2857142857142858,1,0,5,0.0
2024-05-08,Ph01_Z01_C01,5.01262E+12,0.0,4.0,2.0,2.0,1.5714285714285714,1.1428571428571428,2,0,5,0.0
2024-05-09,Ph01_Z01_C01,5.01262E+12,0.0,0.0,2.0,1.0,1.2857142857142858,1.0714285714285714,3,0,5,1.0
2024-05-10,Ph01_Z01_C01,5.01262E+12,1.0,0.0,5.0,0.0,0.7142857142857143,1.1428571428571428,4,0,5,0.0
2024-05-11,Ph01_Z01_C01,5.01262E+12,0.0,1.0,0.0,0.0,0.7142857142857143,1.1428571428571428,5,1,5,0.0
2024-05-12,Ph01_Z01_C01,5.01262E+12,0.0,0.0,0.0,1.0,0.7142857142857143,1.0714285714285714,6,1,5,0.0
2024-05-13,Ph01_Z01_C01,5.01262E+12,0.0,0.0,0.0,0.0,0.7142857142857143,1.0714285714285714,0,0,5,2.0
2024-05-14,Ph01_Z01_C01,5.01262E+12,2.0,0.0,4.0,1.0,0.42857142857142855,1.1428571428571428,1,0,5,2.0
2024-05-15,Ph01_Z01_C01,5.01262E+12,2.0,2.0,0.0,2.0,0.7142857142857143,1.1428571428571428,2,0,5,2.0
2024-05-16,Ph01_Z01_C01,5.01262E+12,2.0,2.0,0.0,2.0,1.0,1.1428571428571428,3,0,5,1.0
2024-05-17,Ph01_Z01_C01,5.01262E+12,1.0,2.0,1.0,5.0,1.0,0.8571428571428571,4,0,5,1.0
2024-05-18,Ph01_Z01_C01,5.01262E+12,1.0,1.0,0.0,0.0,1.1428571428571428,0.9285714285714286,5,1,5,1.0
2024-05-19,Ph01_Z01_C01,5.01262E+12,1.0,1.0,0.0,0.0,1.2857142857142858,1.0,6,1,5,1.0
2024-05-20,Ph01_Z01_C01,5.01262E+12,1.0,1.0,0.0,0.0,1.4285714285714286,1.0714285714285714,0,0,5,1.0
2024-05-21,Ph01_Z01_C01,5.01262E+12,1.0,1.0,2.0,4.0,1.2857142857142858,0.8571428571428571,1,0,5,3.0
2024-05-22,Ph01_Z01_C01,5.01262E+12,3.0,1.0,2.0,0.0,1.4285714285714286,1.0714285714285714,2,0,5,0.0
2024-05-23,Ph01_Z01_C01,5.01262E+12,0.0,3.0,2.0,0.0,1.1428571428571428,1.0714285714285714,3,0,5,0.0
2024-05-24,Ph01_Z01_C01,5.01262E+12,0.0,0.0,1.0,1.0,1.0,1.0,4,0,5,0.0
2024-05-25,Ph01_Z01_C01,5.01262E+12,0.0,0.0,1.0,0.0,0.8571428571428571,1.0,5,1,5,2.0
2024-05-26,Ph01_Z01_C01,5.01262E+12,2.0,0.0,1.0,0.0,1.0,1.1428571428571428,6,1,5,0.0
2024-05-27,Ph01_Z01_C01,5.01262E+12,0.0,2.0,1.0,0.0,0.8571428571428571,1.1428571428571428,0,0,5,1.0
2024-05-28,Ph01_Z01_C01,5.01262E+12,1.0,0.0,1.0,2.0,0.8571428571428571,1.0714285714285714,1,0,5,1.0
2024-05-29,Ph01_Z01_C01,5.01262E+12,1.0,1.0,3.0,2.0,0.5714285714285714,1.0,2,0,5,0.0
2024-05-30,Ph01_Z01_C01,5.01262E+12,0.0,1.0,0.0,2.0,0.5714285714285714,0.8571428571428571,3,0,5,1.0
2024-05-31,Ph01_Z01_C01,5.01262E+12,1.0,0.0,0.0,1.0,0.7142857142857143,0.8571428571428571,4,0,5,1.0
2024-06-01,Ph01_Z01_C01,5.01262E+12,1.0,1.0,0.0,1.0,0.8571428571428571,0.8571428571428571,5,1,6,1.0
2024-06-02,Ph01_Z01_C01,5.01262E+12,1.0,1.0,2.0,1.0,0.7142857142857143,0.8571428571428571,6,1,6,1.0
2024-06-03,Ph01_Z01_C01,5.01262E+12,1.0,1.0,0.0,1.0,0.8571428571428571,0.8571428571428571,0,0,6,2.0
2024-06-04,Ph01_Z01_C01,5.01262E+12,2.0,1.0,1.0,1.0,1.0,0.9285714285714286,1,0,6,3.0
2024-06-05,Ph01_Z01_C01,5.01262E+12,3.0,2.0,1.0,3.0,1.2857142857142858,0.9285714285714286,2,0,6,0.0
2024-06-06,Ph01_Z01_C01,5.01262E+12,0.0,3.0,0.0,0.0,1.2857142857142858,0.9285714285714286,3,0,6,0.0
2024-06-07,Ph01_Z01_C01,5.01262E+12,0.0,0.0,1.0,0.0,1.1428571428571428,0.9285714285714286,4,0,6,3.0
2024-06-08,Ph01_Z01_C01,5.01262E+12,3.0,0.0,1.0,0.0,1.4285714285714286,1.1428571428571428,5,1,6,4.0
2024-06-09,Ph01_Z01_C01,5.01262E+12,4.0,3.0,1.0,2.0,1.8571428571428572,1.2857142857142858,6,1,6,0.0
2024-06-10,Ph01_Z01_C01,5.01262E+12,0.0,4.0,1.0,0.0,1.7142857142857142,1.2857142857142858,0,0,6,1.0
2024-06-11,Ph01_Z01_C01,5.01262E+12,1.0,0.0,2.0,1.0,1.5714285714285714,1.2857142857142858,1,0,6,1.0
2024-06-12,Ph01_Z01_C01,5.01262E+12,1.0,1.0,3.0,1.0,1.2857142857142858,1.2857142857142858,2,0,6,0.0
2024-06-13,Ph01_Z01_C01,5.01262E+12,0.0,1.0,0.0,0.0,1.2857142857142858,1.2857142857142858,3,0,6,0.0
2024-06-14,Ph01_Z01_C01,5.01262E+12,0.0,0.0,0.0,1.0,1.2857142857142858,1.2142857142857142,4,0,6,1.0
2024-06-15,Ph01_Z01_C01,5.01262E+12,1.0,0.0,3.0,1.0,1.0,1.2142857142857142,5,1,6,3.0
2024-06-16,Ph01_Z01_C01,5.01262E+12,3.0,1.0,4.0,1.0,0.8571428571428571,1.3571428571428572,6,1,6,1.0
2024-06-17,Ph01_Z01_C01,5.01262E+12,1.0,3.0,0.0,1.0,1.0,1.3571428571428572,0,0,6,2.0
2024-06-18,Ph01_Z01_C01,5.01262E+12,2.0,1.0,1.0,2.0,1.1428571428571428,1.3571428571428572,1,0,6,2.0
2024-06-19,Ph01_Z01_C01,5.01262E+12,2.0,2.0,1.0,3.0,1.2857142857142858,1.2857142857142858,2,0,6,0.0
2024-06-20,Ph01_Z01_C01,5.01262E+12,0.0,2.0,0.0,0.0,1.2857142857142858,1.2857142857142858,3,0,6,0.0
2024-06-21,Ph01_Z01_C01,5.01262E+12,0.0,0.0,0.0,0.0,1.2857142857142858,1.2857142857142858,4,0,6,1.0
2024-06-22,Ph01_Z01_C01,5.01262E+12,1.0,0.0,1.0,3.0,1.2857142857142858,1.1428571428571428,5,1,6,1.0
2024-06-23,Ph01_Z01_C01,5.01262E+12,1.0,1.0,3.0,4.0,1.0,0.9285714285714286,6,1,6,2.0
2024-06-24,Ph01_Z01_C01,5.01262E+12,2.0,1.0,1.0,0.0,1.1428571428571428,1.0714285714285714,0,0,6,2.0
2024-06-25,Ph01_Z01_C01,5.01262E+12,2.0,2.0,2.0,1.0,1.1428571428571428,1.1428571428571428,1,0,6,1.0
2024-06-26,Ph01_Z01_C01,5.01262E+12,1.0,2.0,2.0,1.0,1.0,1.1428571428571428,2,0,6,1.0
2024-06-27,Ph01_Z01_C01,5.01262E+12,1.0,1.0,0.0,0.0,1.1428571428571428,1.2142857142857142,3,0,6,1.0
2024-06-28,Ph01_Z01_C01,5.01262E+12,1.0,1.0,0.0,0.0,1.2857142857142858,1.2857142857142858,4,0,6,0.0
2024-06-29,Ph01_Z01_C01,5.01262E+12,0.0,1.0,1.0,1.0,1.1428571428571428,1.2142857142857142,5,1,6,3.0
2024-06-30,Ph01_Z01_C01,5.01262E+12,3.0,0.0,1.0,3.0,1.4285714285714286,1.2142857142857142,6,1,6,0.0
2024-07-01,Ph01_Z01_C01,5.01262E+12,0.0,3.0,2.0,1.0,1.1428571428571428,1.1428571428571428,0,0,7,0.0
2024-07-02,Ph01_Z01_C01,5.01262E+12,0.0,0.0,2.0,2.0,0.8571428571428571,1.0,1,0,7,2.0
2024-07-03,Ph01_Z01_C01,5.01262E+12,2.0,0.0,1.0,2.0,1.0,1.0,2,0,7,0.0
2024-07-04,Ph01_Z01_C01,5.01262E+12,0.0,2.0,1.0,0.0,0.8571428571428571,1.0,3,0,7,0.0
2024-07-05,Ph01_Z01_C01,5.01262E+12,0.0,0.0,1.0,0.0,0.7142857142857143,1.0,4,0,7,2.0
2024-07-06,Ph01_Z01_C01,5.01262E+12,2.0,0.0,0.0,1.0,1.0,1.0714285714285714,5,1,7,3.0
2024-07-07,Ph01_Z01_C01,5.01262E+12,3.0,2.0,3.0,1.0,1.0,1.2142857142857142,6,1,7,2.0
2024-07-08,Ph01_Z01_C01,5.01262E+12,2.0,3.0,0.0,2.0,1.2857142857142858,1.2142857142857142,0,0,7,2.0
2024-07-09,Ph01_Z01_C01,5.01262E+12,2.0,2.0,0.0,2.0,1.5714285714285714,1.2142857142857142,1,0,7,0.0
2024-07-10,Ph01_Z01_C01,5.01262E+12,0.0,2.0,2.0,1.0,1.2857142857142858,1.1428571428571428,2,0,7,1.0
2024-07-11,Ph01_Z01_C01,5.01262E+12,1.0,0.0,0.0,1.0,1.4285714285714286,1.1428571428571428,3,0,7,4.0
2024-07-12,Ph01_Z01_C01,5.01262E+12,4.0,1.0,0.0,1.0,2.0,1.3571428571428572,4,0,7,2.0
2024-07-13,Ph01_Z01_C01,5.01262E+12,2.0,4.0,2.0,0.0,2.0,1.5,5,1,7,0.0
2024-07-14,Ph01_Z01_C01,5.01262E+12,0.0,2.0,3.0,3.0,1.5714285714285714,1.2857142857142858,6,1,7,0.0
2024-07-15,Ph01_Z01_C01,5.01262E+12,0.0,0.0,2.0,0.0,1.2857142857142858,1.2857142857142858,0,0,7,2.0
2024-07-16,Ph01_Z01_C01,5.01262E+12,2.0,0.0,2.0,0.0,1.2857142857142858,1.4285714285714286,1,0,7,0.0
2024-07-17,Ph01_Z01_C01,5.01262E+12,0.0,2.0,0.0,2.0,1.2857142857142858,1.2857142857142858,2,0,7,0.0
2024-07-18,Ph01_Z01_C01,5.01262E+12,0.0,0.0,1.0,0.0,1.1428571428571428,1.2857142857142858,3,0,7,2.0
2024-07-19,Ph01_Z01_C01,5.01262E+12,2.0,0.0,4.0,0.0,0.8571428571428571,1.4285714285714286,4,0,7,1.0
2024-07-20,Ph01_Z01_C01,5.01262E+12,1.0,2.0,2.0,2.0,0.7142857142857143,1.3571428571428572,5,1,7,0.0
2024-07-21,Ph01_Z01_C01,5.01262E+12,0.0,1.0,0.0,3.0,0.7142857142857143,1.1428571428571428,6,1,7,0.0
2024-07-22,Ph01_Z01_C01,5.01262E+12,0.0,0.0,0.0,2.0,0.7142857142857143,1.0,0,0,7,0.0
2024-07-23,Ph01_Z01_C01,5.01262E+12,0.0,0.0,2.0,2.0,0.42857142857142855,0.8571428571428571,1,0,7,0.0
2024-07-24,Ph01_Z01_C01,5.01262E+12,0.0,0.0,0.0,0.0,0.42857142857142855,0.8571428571428571,2,0,7,1.0
2024-07-25,Ph01_Z01_C01,5.01262E+12,1.0,0.0,0.0,1.0,0.5714285714285714,0.8571428571428571,3,0,7,0.0
2024-07-26,Ph01_Z01_C01,5.01262E+12,0.0,1.0,2.0,4.0,0.2857142857142857,0.5714285714285714,4,0,7,1.0
2024-07-27,Ph01_Z01_C01,5.01262E+12,1.0,0.0,1.0,2.0,0.2857142857142857,0.5,5,1,7,0.0
2024-07-28,Ph01_Z01_C01,5.01262E+12,0.0,1.0,0.0,0.0,0.2857142857142857,0.5,6,1,7,4.0
2024-07-29,Ph01_Z01_C01,5.01262E+12,4.0,0.0,0.0,0.0,0.8571428571428571,0.7857142857142857,0,0,7,0.0
2024-07-30,Ph01_Z01_C01,5.01262E+12,0.0,4.0,0.0,2.0,0.8571428571428571,0.6428571428571429,1,0,7,0.0
2024-07-31,Ph01_Z01_C01,5.01262E+12,0.0,0.0,0.0,0.0,0.8571428571428571,0.6428571428571429,2,0,7,1.0
2024-08-01,Ph01_Z01_C01,5.01262E+12,1.0,0.0,1.0,0.0,0.8571428571428571,0.7142857142857143,3,0,8,1.0
2024-08-02,Ph01_Z01_C01,5.01262E+12,1.0,1.0,0.0,2.0,1.0,0.6428571428571429,4,0,8,1.0
2024-08-03,Ph01_Z01_C01,5.01262E+12,1.0,1.0,1.0,1.0,1.0,0.6428571428571429,5,1,8,0.0
2024-08-04,Ph01_Z01_C01,5.01262E+12,0.0,1.0,0.0,0.0,1.0,0.6428571428571429,6,1,8,1.0
2024-08-05,Ph01_Z01_C01,5.01262E+12,1.0,0.0,4.0,0.0,0.5714285714285714,0.7142857142857143,0,0,8,1.0
2024-08-06,Ph01_Z01_C01,5.01262E+12,1.0,1.0,0.0,0.0,0.7142857142857143,0.7857142857142857,1,0,8,3.0
2024-08-07,Ph01_Z01_C01,5.01262E+12,3.0,1.0,0.0,0.0,1.1428571428571428,1.0,2,0,8,2.0
2024-08-08,Ph01_Z01_C01,5.01262E+12,2.0,3.0,1.0,1.0,1.2857142857142858,1.0714285714285714,3,0,8,2.0
2024-08-09,Ph01_Z01_C01,5.01262E+12,2.0,2.0,1.0,0.0,1.4285714285714286,1.2142857142857142,4,0,8,0.0
2024-08-10,Ph01_Z01_C01,5.01262E+12,0.0,2.0,1.0,1.0,1.2857142857142858,1.1428571428571428,5,1,8,0.0
2024-08-11,Ph01_Z01_C01,5.01262E+12,0.0,0.0,0.0,0.0,1.2857142857142858,1.1428571428571428,6,1,8,1.0
2024-08-12,Ph01_Z01_C01,5.01262E+12,1.0,0.0,1.0,4.0,1.2857142857142858,0.9285714285714286,0,0,8,0.0
2024-08-13,Ph01_Z01_C01,5.01262E+12,0.0,1.0,1.0,0.0,1.1428571428571428,0.9285714285714286,1,0,8,1.0
2024-08-14,Ph01_Z01_C01,5.01262E+12,1.0,0.0,3.0,0.0,0.8571428571428571,1.0,2,0,8,1.0
2024-08-15,Ph01_Z01_C01,5.01262E+12,1.0,1.0,2.0,1.0,0.7142857142857143,1.0,3,0,8,2.0
2024-08-16,Ph01_Z01_C01,5.01262E+12,2.0,1.0,2.0,1.0,0.7142857142857143,1.0714285714285714,4,0,8,2.0
2024-08-17,Ph01_Z01_C01,5.01262E+12,2.0,2.0,0.0,1.0,1.0,1.1428571428571428,5,1,8,4.0
2024-08-18,Ph01_Z01_C01,5.01262E+12,4.0,2.0,0.0,0.0,1.5714285714285714,1.4285714285714286,6,1,8,0.0
2024-08-19,Ph01_Z01_C01,5.01262E+12,0.0,4.0,1.0,1.0,1.4285714285714286,1.3571428571428572,0,0,8,0.0
2024-08-20,Ph01_Z01_C01,5.01262E+12,0.0,0.0,0.0,1.0,1.4285714285714286,1.2857142857142858,1,0,8,1.0
2024-08-21,Ph01_Z01_C01,5.01262E+12,1.0,0.0,1.0,3.0,1.4285714285714286,1.1428571428571428,2,0,8,0.0
2024-08-22,Ph01_Z01_C01,5.01262E+12,0.0,1.0,1.0,2.0,1.2857142857142858,1.0,3,0,8,2.0
2024-08-23,Ph01_Z01_C01,5.01262E+12,2.0,0.0,2.0,2.0,1.2857142857142858,1.0,4,0,8,2.0
2024-08-24,Ph01_Z01_C01,5.01262E+12,2.0,2.0,2.0,0.0,1.2857142857142858,1.1428571428571428,5,1,8,2.0
2024-08-25,Ph01_Z01_C01,5.01262E+12,2.0,2.0,4.0,0.0,1.0,1.2857142857142858,6,1,8,1.0
2024-08-26,Ph01_Z01_C01,5.01262E+12,1.0,2.0,0.0,1.0,1.1428571428571428,1.2857142857142858,0,0,8,2.0
2024-08-27,Ph01_Z01_C01,5.01262E+12,2.0,1.0,0.0,0.0,1.4285714285714286,1.4285714285714286,1,0,8,1.0
2024-08-28,Ph01_Z01_C01,5.01262E+12,1.0,2.0,1.0,1.0,1.4285714285714286,1.4285714285714286,2,0,8,2.0
2024-08-29,Ph01_Z01_C01,5.01262E+12,2.0,1.0,0.0,1.0,1.7142857142857142,1.5,3,0,8,0.0
2024-08-30,Ph01_Z01_C01,5.01262E+12,0.0,2.0,2.0,2.0,1.4285714285714286,1.3571428571428572,4,0,8,5.0
2024-08-31,Ph01_Z01_C01,5.01262E+12,5.0,0.0,2.0,2.0,1.8571428571428572,1.5714285714285714,5,1,8,2.0
2024-09-01,Ph01_Z01_C01,5.01262E+12,2.0,5.0,2.0,4.0,1.8571428571428572,1.4285714285714286,6,1,9,0.0
2024-09-02,Ph01_Z01_C01,5.01262E+12,0.0,2.0,1.0,0.0,1.7142857142857142,1.4285714285714286,0,0,9,3.0
2024-09-03,Ph01_Z01_C01,5.01262E+12,3.0,0.0,2.0,0.0,1.8571428571428572,1.6428571428571428,1,0,9,3.0
2024-09-04,Ph01_Z01_C01,5.01262E+12,3.0,3.0,1.0,1.0,2.142857142857143,1.7857142857142858,2,0,9,0.0
2024-09-05,Ph01_Z01_C01,5.01262E+12,0.0,3.0,2.0,0.0,1.8571428571428572,1.7857142857142858,3,0,9,0.0
2024-09-06,Ph01_Z01_C01,5.01262E+12,0.0,0.0,0.0,2.0,1.8571428571428572,1.6428571428571428,4,0,9,1.0
2024-09-07,Ph01_Z01_C01,5.01262E+12,1.0,0.0,5.0,2.0,1.2857142857142858,1.5714285714285714,5,1,9,1.0
2024-09-08,Ph01_Z01_C01,5.01262E+12,1.0,1.0,2.0,2.0,1.1428571428571428,1.5,6,1,9,3.0
2024-09-09,Ph01_Z01_C01,5.01262E+12,3.0,1.0,0.0,1.0,1.5714285714285714,1.6428571428571428,0,0,9,1.0
2024-09-10,Ph01_Z01_C01,5.01262E+12,1.0,3.0,3.0,2.0,1.2857142857142858,1.5714285714285714,1,0,9,0.0
2024-09-11,Ph01_Z01_C01,5.01262E+12,0.0,1.0,3.0,1.0,0.8571428571428571,1.5,2,0,9,0.0
2024-09-12,Ph01_Z01_C01,5.01262E+12,0.0,0.0,0.0,2.0,0.8571428571428571,1.3571428571428572,3,0,9,1.0
2024-09-13,Ph01_Z01_C01,5.01262E+12,1.0,0.0,0.0,0.0,1.0,1.4285714285714286,4,0,9,1.0
2024-09-14,Ph01_Z01_C01,5.01262E+12,1.0,1.0,1.0,5.0,1.0,1.1428571428571428,5,1,9,0.0
2024-09-15,Ph01_Z01_C01,5.01262E+12,0.0,1.0,1.0,2.0,0.8571428571428571,1.0,6,1,9,0.0
2024-09-16,Ph01_Z01_C01,5.01262E+12,0.0,0.0,3.0,0.0,0.42857142857142855,1.0,0,0,9,0.0
2024-09-17,Ph01_Z01_C01,5.01262E+12,0.0,0.0,1.0,3.0,0.2857142857142857,0.7857142857142857,1,0,9,2.0
2024-09-18,Ph01_Z01_C01,5.01262E+12,2.0,0.0,0.0,3.0,0.5714285714285714,0.7142857142857143,2,0,9,0.0
2024-09-19,Ph01_Z01_C01,5.01262E+12,0.0,2.0,0.0,0.0,0.5714285714285714,0.7142857142857143,3,0,9,0.0
2024-09-20,Ph01_Z01_C01,5.01262E+12,0.0,0.0,1.0,0.0,0.42857142857142855,0.7142857142857143,4,0,9,0.0
2024-09-21,Ph01_Z01_C01,5.01262E+12,0.0,0.0,1.0,1.0,0.2857142857142857,0.6428571428571429,5,1,9,1.0
2024-09-22,Ph01_Z01_C01,5.01262E+12,1.0,0.0,0.0,1.0,0.42857142857142855,0.6428571428571429,6,1,9,1.0
2024-09-23,Ph01_Z01_C01,5.01262E+12,1.0,1.0,0.0,3.0,0.5714285714285714,0.5,0,0,9,7.0
2024-09-24,Ph01_Z01_C01,5.01262E+12,7.0,1.0,0.0,1.0,1.5714285714285714,0.9285714285714286,1,0,9,0.0
2024-09-25,Ph01_Z01_C01,5.01262E+12,0.0,7.0,2.0,0.0,1.2857142857142858,0.9285714285714286,2,0,9,0.0
2024-09-26,Ph01_Z01_C01,5.01262E+12,0.0,0.0,0.0,0.0,1.2857142857142858,0.9285714285714286,3,0,9,1.0
2024-09-27,Ph01_Z01_C01,5.01262E+12,1.0,0.0,0.0,1.0,1.4285714285714286,0.9285714285714286,4,0,9,0.0
2024-09-28,Ph01_Z01_C01,5.01262E+12,0.0,1.0,0.0,1.0,1.4285714285714286,0.8571428571428571,5,1,9,1.0
2024-09-29,Ph01_Z01_C01,5.01262E+12,1.0,0.0,1.0,0.0,1.4285714285714286,0.9285714285714286,6,1,9,3.0
2024-09-30,Ph01_Z01_C01,5.01262E+12,3.0,1.0,1.0,0.0,1.7142857142857142,1.1428571428571428,0,0,9,1.0
2024-10-01,Ph01_Z01_C01,5.01262E+12,1.0,3.0,7.0,0.0,0.8571428571428571,1.2142857142857142,1,0,10,2.0
2024-10-02,Ph01_Z01_C01,5.01262E+12,2.0,1.0,0.0,2.0,1.1428571428571428,1.2142857142857142,2,0,10,2.0
2024-10-03,Ph01_Z01_C01,5.01262E+12,2.0,2.0,0.0,0.0,1.4285714285714286,1.3571428571428572,3,0,10,1.0
2024-10-04,Ph01_Z01_C01,5.01262E+12,1.0,2.0,1.0,0.0,1.4285714285714286,1.4285714285714286,4,0,10,1.0
2024-10-05,Ph01_Z01_C01,5.01262E+12,1.0,1.0,0.0,0.0,1.5714285714285714,1.5,5,1,10,1.0
2024-10-06,Ph01_Z01_C01,5.01262E+12,1.0,1.0,1.0,1.0,1.5714285714285714,1.5,6,1,10,1.0
2024-10-07,Ph01_Z01_C01,5.01262E+12,1.0,1.0,3.0,1.0,1.2857142857142858,1.5,0,0,10,2.0
2024-10-08,Ph01_Z01_C01,5.01262E+12,2.0,1.0,1.0,7.0,1.4285714285714286,1.1428571428571428,1,0,10,1.0
2024-10-09,Ph01_Z01_C01,5.01262E+12,1.0,2.0,2.0,0.0,1.2857142857142858,1.2142857142857142,2,0,10,2.0
2024-10-10,Ph01_Z01_C01,5.01262E+12,2.0,1.0,2.0,0.0,1.2857142857142858,1.3571428571428572,3,0,10,1.0
2024-10-11,Ph01_Z01_C01,5.01262E+12,1.0,2.0,1.0,1.0,1.2857142857142858,1.3571428571428572,4,0,10,0.0
2024-10-12,Ph01_Z01_C01,5.01262E+12,0.0,1.0,1.0,0.0,1.1428571428571428,1.3571428571428572,5,1,10,0.0
2024-10-13,Ph01_Z01_C01,5.01262E+12,0.0,0.0,1.0,1.0,1.0,1.2857142857142858,6,1,10,0.0
2024-10-14,Ph01_Z01_C01,5.01262E+12,0.0,0.0,1.0,3.0,0.8571428571428571,1.0714285714285714,0,0,10,0.0
2024-10-15,Ph01_Z01_C01,5.01262E+12,0.0,0.0,2.0,1.0,0.5714285714285714,1.0,1,0,10,0.0
2024-10-16,Ph01_Z01_C01,5.01262E+12,0.0,0.0,1.0,2.0,0.42857142857142855,0.8571428571428571,2,0,10,1.0
2024-10-17,Ph01_Z01_C01,5.01262E+12,1.0,0.0,2.0,2.0,0.2857142857142857,0.7857142857142857,3,0,10,0.0
2024-10-18,Ph01_Z01_C01,5.01262E+12,0.0,1.0,1.0,1.0,0.14285714285714285,0.7142857142857143,4,0,10,1.0
2024-10-19,Ph01_Z01_C01,5.01262E+12,1.0,0.0,0.0,1.0,0.2857142857142857,0.7142857142857143,5,1,10,3.0
2024-10-20,Ph01_Z01_C01,5.01262E+12,3.0,1.0,0.0,1.0,0.7142857142857143,0.8571428571428571,6,1,10,1.0
2024-10-21,Ph01_Z01_C01,5.01262E+12,1.0,3.0,0.0,1.0,0.8571428571428571,0.8571428571428571,0,0,10,0.0
2024-10-22,Ph01_Z01_C01,5.01262E+12,0.0,1.0,0.0,2.0,0.8571428571428571,0.7142857142857143,1,0,10,0.0
2024-10-23,Ph01_Z01_C01,5.01262E+12,0.0,0.0,0.0,1.0,0.8571428571428571,0.6428571428571429,2,0,10,1.0
2024-10-24,Ph01_Z01_C01,5.01262E+12,1.0,0.0,1.0,2.0,0.8571428571428571,0.5714285714285714,3,0,10,1.0
2024-10-25,Ph01_Z01_C01,5.01262E+12,1.0,1.0,0.0,1.0,1.0,0.5714285714285714,4,0,10,1.0
2024-10-26,Ph01_Z01_C01,5.01262E+12,1.0,1.0,1.0,0.0,1.0,0.6428571428571429,5,1,10,1.0
2024-10-27,Ph01_Z01_C01,5.01262E+12,1.0,1.0,3.0,0.0,0.7142857142857143,0.7142857142857143,6,1,10,0.0
2024-10-28,Ph01_Z01_C01,5.01262E+12,0.0,1.0,1.0,0.0,0.5714285714285714,0.7142857142857143,0,0,10,0.0
2024-10-29,Ph01_Z01_C01,5.01262E+12,0.0,0.0,0.0,0.0,0.5714285714285714,0.7142857142857143,1,0,10,0.0
2024-10-30,Ph01_Z01_C01,5.01262E+12,0.0,0.0,0.0,0.0,0.5714285714285714,0.7142857142857143,2,0,10,0.0
2024-10-31,Ph01_Z01_C01,5.01262E+12,0.0,0.0,1.0,1.0,0.42857142857142855,0.6428571428571429,3,0,10,2.0
2024-01-01,Ph01_Z01_C01,5.06001E+12,1.0,0.0,0.0,0.0,1.0,1.0,0,0,1,0.0
2024-01-02,Ph01_Z01_C01,5.06001E+12,0.0,1.0,0.0,0.0,0.5,0.5,1,0,1,0.0
2024-01-03,Ph01_Z01_C01,5.06001E+12,0.0,0.0,0.0,0.0,0.3333333333333333,0.3333333333333333,2,0,1,0.0
2024-01-04,Ph01_Z01_C01,5.06001E+12,0.0,0.0,0.0,0.0,0.25,0.25,3,0,1,1.0
2024-01-05,Ph01_Z01_C01,5.06001E+12,1.0,0.0,0.0,0.0,0.4,0.4,4,0,1,0.0
2024-01-06,Ph01_Z01_C01,5.06001E+12,0.0,1.0,0.0,0.0,0.3333333333333333,0.3333333333333333,5,1,1,0.0
2024-01-07,Ph01_Z01_C01,5.06001E+12,0.0,0.0,0.0,0.0,0.2857142857142857,0.2857142857142857,6,1,1,0.0
2024-01-08,Ph01_Z01_C01,5.06001E+12,0.0,0.0,1.0,0.0,0.14285714285714285,0.25,0,0,1,2.0
2024-01-09,Ph01_Z01_C01,5.06001E+12,2.0,0.0,0.0,0.0,0.42857142857142855,0.4444444444444444,1,0,1,0.0
2024-01-10,Ph01_Z01_C01,5.06001E+12,0.0,2.0,0.0,0.0,0.42857142857142855,0.4,2,0,1,0.0
2024-01-11,Ph01_Z01_C01,5.06001E+12,0.0,0.0,0.0,0.0,0.42857142857142855,0.36363636363636365,3,0,1,0.0
2024-01-12,Ph01_Z01_C01,5.06001E+12,0.0,0.0,1.0,0.0,0.2857142857142857,0.3333333333333333,4,0,1,0.0
2024-01-13,Ph01_Z01_C01,5.06001E+12,0.0,0.0,0.0,0.0,0.2857142857142857,0.3076923076923077,5,1,1,1.0
2024-01-14,Ph01_Z01_C01,5.06001E+12,1.0,0.0,0.0,0.0,0.42857142857142855,0.35714285714285715,6,1,1,2.0
2024-01-15,Ph01_Z01_C01,5.06001E+12,2.0,1.0,0.0,1.0,0.7142857142857143,0.42857142857142855,0,0,1,0.0
2024-01-16,Ph01_Z01_C01,5.06001E+12,0.0,2.0,2.0,0.0,0.42857142857142855,0.42857142857142855,1,0,1,0.0
2024-01-17,Ph01_Z01_C01,5.06001E+12,0.0,0.0,0.0,0.0,0.42857142857142855,0.42857142857142855,2,0,1,0.0
2024-01-18,Ph01_Z01_C01,5.06001E+12,0.0,0.0,0.0,0.0,0.42857142857142855,0.42857142857142855,3,0,1,0.0
2024-01-19,Ph01_Z01_C01,5.06001E+12,0.0,0.0,0.0,1.0,0.42857142857142855,0.35714285714285715,4,0,1,2.0
2024-01-20,Ph01_Z01_C01,5.06001E+12,2.0,0.0,0.0,0.0,0.7142857142857143,0.5,5,1,1,0.0
2024-01-21,Ph01_Z01_C01,5.06001E+12,0.0,2.0,1.0,0.0,0.5714285714285714,0.5,6,1,1,3.0
2024-01-22,Ph01_Z01_C01,5.06001E+12,3.0,0.0,2.0,0.0,0.7142857142857143,0.7142857142857143,0,0,1,0.0
2024-01-23,Ph01_Z01_C01,5.06001E+12,0.0,3.0,0.0,2.0,0.7142857142857143,0.5714285714285714,1,0,1,1.0
2024-01-24,Ph01_Z01_C01,5.06001E+12,1.0,0.0,0.0,0.0,0.8571428571428571,0.6428571428571429,2,0,1,3.0
2024-01-25,Ph01_Z01_C01,5.06001E+12,3.0,1.0,0.0,0.0,1.2857142857142858,0.8571428571428571,3,0,1,1.0
2024-01-26,Ph01_Z01_C01,5.06001E+12,1.0,3.0,0.0,0.0,1.4285714285714286,0.9285714285714286,4,0,1,1.0
2024-01-27,Ph01_Z01_C01,5.06001E+12,1.0,1.0,2.0,0.0,1.2857142857142858,1.0,5,1,1,1.0
2024-01-28,Ph01_Z01_C01,5.06001E+12,1.0,1.0,0.0,1.0,1.4285714285714286,1.0,6,1,1,2.0
2024-01-29,Ph01_Z01_C01,5.06001E+12,2.0,1.0,3.0,2.0,1.2857142857142858,1.0,0,0,1,1.0
2024-01-30,Ph01_Z01_C01,5.06001E+12,1.0,2.0,0.0,0.0,1.4285714285714286,1.0714285714285714,1,0,1,0.0
2024-01-31,Ph01_Z01_C01,5.06001E+12,0.0,1.0,1.0,0.0,1.2857142857142858,1.0714285714285714,2,0,1,2.0
2024-02-01,Ph01_Z01_C01,5.06001E+12,2.0,0.0,3.0,0.0,1.1428571428571428,1.2142857142857142,3,0,2,1.0
2024-02-02,Ph01_Z01_C01,5.06001E+12,1.0,2.0,1.0,0.0,1.1428571428571428,1.2857142857142858,4,0,2,1.0
2024-02-03,Ph01_Z01_C01,5.06001E+12,1.0,1.0,1.0,2.0,1.1428571428571428,1.2142857142857142,5,1,2,2.0
2024-02-04,Ph01_Z01_C01,5.06001E+12,2.0,1.0,1.0,0.0,1.2857142857142858,1.3571428571428572,6,1,2,0.0
2024-02-05,Ph01_Z01_C01,5.06001E+12,0.0,2.0,2.0,3.0,1.0,1.1428571428571428,0,0,2,3.0
2024-02-06,Ph01_Z01_C01,5.06001E+12,3.0,0.0,1.0,0.0,1.2857142857142858,1.3571428571428572,1,0,2,1.0
2024-02-07,Ph01_Z01_C01,5.06001E+12,1.0,3.0,0.0,1.0,1.4285714285714286,1.3571428571428572,2,0,2,2.0
2024-02-08,Ph01_Z01_C01,5.06001E+12,2.0,1.0,2.0,3.0,1.4285714285714286,1.2857142857142858,3,0,2,5.0
2024-02-09,Ph01_Z01_C01,5.06001E+12,5.0,2.0,1.0,1.0,2.0,1.5714285714285714,4,0,2,0.0
2024-02-10,Ph01_Z01_C01,5.06001E+12,0.0,5.0,1.0,1.0,1.8571428571428572,1.5,5,1,2,1.0
2024-02-11,Ph01_Z01_C01,5.06001E+12,1.0,0.0,2.0,1.0,1.7142857142857142,1.5,6,1,2,1.0
2024-02-12,Ph01_Z01_C01,5.06001E+12,1.0,1.0,0.0,2.0,1.8571428571428572,1.4285714285714286,0,0,2,3.0
2024-02-13,Ph01_Z01_C01,5.06001E+12,3.0,1.0,3.0,1.0,1.8571428571428572,1.5714285714285714,1,0,2,0.0
2024-02-14,Ph01_Z01_C01,5.06001E+12,0.0,3.0,1.0,0.0,1.7142857142857142,1.5714285714285714,2,0,2,1.0
2024-02-15,Ph01_Z01_C01,5.06001E+12,1.0,0.0,2.0,2.0,1.5714285714285714,1.5,3,0,2,1.0
2024-02-16,Ph01_Z01_C01,5.06001E+12,1.0,1.0,5.0,1.0,1.0,1.5,4,0,2,1.0
2024-02-17,Ph01_Z01_C01,5.06001E+12,1.0,1.0,0.0,1.0,1.1428571428571428,1.5,5,1,2,0.0
2024-02-18,Ph01_Z01_C01,5.06001E+12,0.0,1.0,1.0,2.0,1.0,1.3571428571428572,6,1,2,0.0
2024-02-19,Ph01_Z01_C01,5.06001E+12,0.0,0.0,1.0,0.0,0.8571428571428571,1.3571428571428572,0,0,2,3.0
2024-02-20,Ph01_Z01_C01,5.06001E+12,3.0,0.0,3.0,3.0,0.8571428571428571,1.3571428571428572,1,0,2,0.0
2024-02-21,Ph01_Z01_C01,5.06001E+12,0.0,3.0,0.0,1.0,0.8571428571428571,1.2857142857142858,2,0,2,0.0
2024-02-22,Ph01_Z01_C01,5.06001E+12,0.0,0.0,1.0,2.0,0.7142857142857143,1.1428571428571428,3,0,2,1.0
2024-02-23,Ph01_Z01_C01,5.06001E+12,1.0,0.0,1.0,5.0,0.7142857142857143,0.8571428571428571,4,0,2,1.0
2024-02-24,Ph01_Z01_C01,5.06001E+12,1.0,1.0,1.0,0.0,0.7142857142857143,0.9285714285714286,5,1,2,2.0
2024-02-25,Ph01_Z01_C01,5.06001E+12,2.0,1.0,0.0,1.0,1.0,1.0,6,1,2,1.0
2024-02-26,Ph01_Z01_C01,5.06001E+12,1.0,2.0,0.0,1.0,1.1428571428571428,1.0,0,0,2,0.0
2024-02-27,Ph01_Z01_C01,5.06001E+12,0.0,1.0,3.0,3.0,0.7142857142857143,0.7857142857142857,1,0,2,2.0
2024-02-28,Ph01_Z01_C01,5.06001E+12,2.0,0.0,0.0,0.0,1.0,0.9285714285714286,2,0,2,1.0
2024-02-29,Ph01_Z01_C01,5.06001E+12,1.0,2.0,0.0,1.0,1.1428571428571428,0.9285714285714286,3,0,2,0.0
2024-03-01,Ph01_Z01_C01,5.06001E+12,0.0,1.0,1.0,1.0,1.0,0.8571428571428571,4,0,3,2.0
2024-03-02,Ph01_Z01_C01,5.06001E+12,2.0,0.0,1.0,1.0,1.1428571428571428,0.9285714285714286,5,1,3,3.0
2024-03-03,Ph01_Z01_C01,5.06001E+12,3.0,2.0,2.0,0.0,1.2857142857142858,1.1428571428571428,6,1,3,1.0
2024-03-04,Ph01_Z01_C01,5.06001E+12,1.0,3.0,1.0,0.0,1.2857142857142858,1.2142857142857142,0,0,3,2.0
2024-03-05,Ph01_Z01_C01,5.06001E+12,2.0,1.0,0.0,3.0,1.5714285714285714,1.1428571428571428,1,0,3,2.0
2024-03-06,Ph01_Z01_C01,5.06001E+12,2.0,2.0,2.0,0.0,1.5714285714285714,1.2857142857142858,2,0,3,3.0
2024-03-07,Ph01_Z01_C01,5.06001E+12,3.0,2.0,1.0,0.0,1.8571428571428572,1.5,3,0,3,1.0
2024-03-08,Ph01_Z01_C01,5.06001E+12,1.0,3.0,0.0,1.0,2.0,1.5,4,0,3,0.0
2024-03-09,Ph01_Z01_C01,5.06001E+12,0.0,1.0,2.0,1.0,1.7142857142857142,1.4285714285714286,5,1,3,1.0
2024-03-10,Ph01_Z01_C01,5.06001E+12,1.0,0.0,3.0,2.0,1.4285714285714286,1.3571428571428572,6,1,3,0.0
2024-03-11,Ph01_Z01_C01,5.06001E+12,0.0,1.0,1.0,1.0,1.2857142857142858,1.2857142857142858,0,0,3,4.0
2024-03-12,Ph01_Z01_C01,5.06001E+12,4.0,0.0,2.0,0.0,1.5714285714285714,1.5714285714285714,1,0,3,0.0
2024-03-13,Ph01_Z01_C01,5.06001E+12,0.0,4.0,2.0,2.0,1.2857142857142858,1.4285714285714286,2,0,3,2.0
2024-03-14,Ph01_Z01_C01,5.06001E+12,2.0,0.0,3.0,1.0,1.1428571428571428,1.5,3,0,3,0.0
2024-03-15,Ph01_Z01_C01,5.06001E+12,0.0,2.0,1.0,0.0,1.0,1.5,4,0,3,1.0
2024-03-16,Ph01_Z01_C01,5.06001E+12,1.0,0.0,0.0,2.0,1.1428571428571428,1.4285714285714286,5,1,3,0.0
2024-03-17,Ph01_Z01_C01,5.06001E+12,0.0,1.0,1.0,3.0,1.0,1.2142857142857142,6,1,3,2.0
2024-03-18,Ph01_Z01_C01,5.06001E+12,2.0,0.0,0.0,1.0,1.2857142857142858,1.2857142857142858,0,0,3,5.0
2024-03-19,Ph01_Z01_C01,5.06001E+12,5.0,2.0,4.0,2.0,1.4285714285714286,1.5,1,0,3,2.0
2024-03-20,Ph01_Z01_C01,5.06001E+12,2.0,5.0,0.0,2.0,1.7142857142857142,1.5,2,0,3,0.0
2024-03-21,Ph01_Z01_C01,5.06001E+12,0.0,2.0,2.0,3.0,1.4285714285714286,1.2857142857142858,3,0,3,0.0
2024-03-22,Ph01_Z01_C01,5.06001E+12,0.0,0.0,0.0,1.0,1.4285714285714286,1.2142857142857142,4,0,3,2.0
2024-03-23,Ph01_Z01_C01,5.06001E+12,2.0,0.0,1.0,0.0,1.5714285714285714,1.3571428571428572,5,1,3,3.0
2024-03-24,Ph01_Z01_C01,5.06001E+12,3.0,2.0,0.0,1.0,2.0,1.5,6,1,3,2.0
2024-03-25,Ph01_Z01_C01,5.06001E+12,2.0,3.0,2.0,0.0,2.0,1.6428571428571428,0,0,3,2.0
2024-03-26,Ph01_Z01_C01,5.06001E+12,2.0,2.0,5.0,4.0,1.5714285714285714,1.5,1,0,3,1.0
2024-03-27,Ph01_Z01_C01,5.06001E+12,1.0,2.0,2.0,0.0,1.4285714285714286,1.5714285714285714,2,0,3,1.0
2024-03-28,Ph01_Z01_C01,5.06001E+12,1.0,1.0,0.0,2.0,1.5714285714285714,1.5,3,0,3,0.0
2024-03-29,Ph01_Z01_C01,5.06001E+12,0.0,1.0,0.0,0.0,1.5714285714285714,1.5,4,0,3,3.0
2024-03-30,Ph01_Z01_C01,5.06001E+12,3.0,0.0,2.0,1.0,1.7142857142857142,1.6428571428571428,5,1,3,3.0
2024-03-31,Ph01_Z01_C01,5.06001E+12,3.0,3.0,3.0,0.0,1.7142857142857142,1.8571428571428572,6,1,3,0.0
2024-04-01,Ph01_Z01_C01,5.06001E+12,0.0,3.0,2.0,2.0,1.4285714285714286,1.7142857142857142,0,0,4,0.0
2024-04-02,Ph01_Z01_C01,5.06001E+12,0.0,0.0,2.0,5.0,1.1428571428571428,1.3571428571428572,1,0,4,0.0
2024-04-03,Ph01_Z01_C01,5.06001E+12,0.0,0.0,1.0,2.0,1.0,1.2142857142857142,2,0,4,3.0
2024-04-04,Ph01_Z01_C01,5.06001E+12,3.0,0.0,1.0,0.0,1.2857142857142858,1.4285714285714286,3,0,4,4.0
2024-04-05,Ph01_Z01_C01,5.06001E+12,4.0,3.0,0.0,0.0,1.8571428571428572,1.7142857142857142,4,0,4,1.0
2024-04-06,Ph01_Z01_C01,5.06001E+12,1.0,4.0,3.0,2.0,1.5714285714285714,1.6428571428571428,5,1,4,0.0
2024-04-07,Ph01_Z01_C01,5.06001E+12,0.0,1.0,3.0,3.0,1.1428571428571428,1.4285714285714286,6,1,4,1.0
2024-04-08,Ph01_Z01_C01,5.06001E+12,1.0,0.0,0.0,2.0,1.2857142857142858,1.3571428571428572,0,0,4,1.0
2024-04-09,Ph01_Z01_C01,5.06001E+12,1.0,1.0,0.0,2.0,1.4285714285714286,1.2857142857142858,1,0,4,0.0
2024-04-10,Ph01_Z01_C01,5.06001E+12,0.0,1.0,0.0,1.0,1.4285714285714286,1.2142857142857142,2,0,4,0.0
2024-04-11,Ph01_Z01_C01,5.06001E+12,0.0,0.0,3.0,1.0,1.0,1.1428571428571428,3,0,4,4.0
2024-04-12,Ph01_Z01_C01,5.06001E+12,4.0,0.0,4.0,0.0,1.0,1.4285714285714286,4,0,4,0.0
2024-04-13,Ph01_Z01_C01,5.06001E+12,0.0,4.0,1.0,3.0,0.8571428571428571,1.2142857142857142,5,1,4,0.0
2024-04-14,Ph01_Z01_C01,5.06001E+12,0.0,0.0,0.0,3.0,0.8571428571428571,1.0,6,1,4,2.0
2024-04-15,Ph01_Z01_C01,5.06001E+12,2.0,0.0,1.0,0.0,1.0,1.1428571428571428,0,0,4,0.0
2024-04-16,Ph01_Z01_C01,5.06001E+12,0.0,2.0,1.0,0.0,0.8571428571428571,1.1428571428571428,1,0,4,2.0
2024-04-17,Ph01_Z01_C01,5.06001E+12,2.0,0.0,0.0,0.0,1.1428571428571428,1.2857142857142858,2,0,4,1.0
2024-04-18,Ph01_Z01_C01,5.06001E+12,1.0,2.0,0.0,3.0,1.2857142857142858,1.1428571428571428,3,0,4,0.0
2024-04-19,Ph01_Z01_C01,5.06001E+12,0.0,1.0,4.0,4.0,0.7142857142857143,0.8571428571428571,4,0,4,1.0
2024-04-20,Ph01_Z01_C01,5.06001E+12,1.0,0.0,0.0,1.0,0.8571428571428571,0.8571428571428571,5,1,4,1.0
2024-04-21,Ph01_Z01_C01,5.06001E+12,1.0,1.0,0.0,0.0,1.0,0.9285714285714286,6,1,4,1.0
2024-04-22,Ph01_Z01_C01,5.06001E+12,1.0,1.0,2.0,1.0,0.8571428571428571,0.9285714285714286,0,0,4,0.0
2024-04-23,Ph01_Z01_C01,5.06001E+12,0.0,1.0,0.0,1.0,0.8571428571428571,0.8571428571428571,1,0,4,1.0
2024-04-24,Ph01_Z01_C01,5.06001E+12,1.0,0.0,2.0,0.0,0.7142857142857143,0.9285714285714286,2,0,4,1.0
2024-04-25,Ph01_Z01_C01,5.06001E+12,1.0,1.0,1.0,0.0,0.7142857142857143,1.0,3,0,4,0.0
2024-04-26,Ph01_Z01_C01,5.06001E+12,0.0,1.0,0.0,4.0,0.7142857142857143,0.7142857142857143,4,0,4,1.0
2024-04-27,Ph01_Z01_C01,5.06001E+12,1.0,0.0,1.0,0.0,0.7142857142857143,0.7857142857142857,5,1,4,1.0
2024-04-28,Ph01_Z01_C01,5.06001E+12,1.0,1.0,1.0,0.0,0.7142857142857143,0.8571428571428571,6,1,4,0.0
2024-04-29,Ph01_Z01_C01,5.06001E+12,0.0,1.0,1.0,2.0,0.5714285714285714,0.7142857142857143,0,0,4,0.0
2024-04-30,Ph01_Z01_C01,5.06001E+12,0.0,0.0,0.0,0.0,0.5714285714285714,0.7142857142857143,1,0,4,2.0
2024-05-01,Ph01_Z01_C01,5.06001E+12,2.0,0.0,1.0,2.0,0.7142857142857143,0.7142857142857143,2,0,5,2.0
2024-05-02,Ph01_Z01_C01,5.06001E+12,2.0,2.0,1.0,1.0,0.8571428571428571,0.7857142857142857,3,0,5,0.0
2024-05-03,Ph01_Z01_C01,5.06001E+12,0.0,2.0,0.0,0.0,0.8571428571428571,0.7857142857142857,4,0,5,1.0
2024-05-04,Ph01_Z01_C01,5.06001E+12,1.0,0.0,1.0,1.0,0.8571428571428571,0.7857142857142857,5,1,5,0.0
2024-05-05,Ph01_Z01_C01,5.06001E+12,0.0,1.0,1.0,1.0,0.7142857142857143,0.7142857142857143,6,1,5,1.0
2024-05-06,Ph01_Z01_C01,5.06001E+12,1.0,0.0,0.0,1.0,0.8571428571428571,0.7142857142857143,0,0,5,1.0
2024-05-07,Ph01_Z01_C01,5.06001E+12,1.0,1.0,0.0,0.0,1.0,0.7857142857142857,1,0,5,0.0
2024-05-08,Ph01_Z01_C01,5.06001E+12,0.0,1.0,2.0,1.0,0.7142857142857143,0.7142857142857143,2,0,5,4.0
2024-05-09,Ph01_Z01_C01,5.06001E+12,4.0,0.0,2.0,1.0,1.0,0.9285714285714286,3,0,5,1.0
2024-05-10,Ph01_Z01_C01,5.06001E+12,1.0,4.0,0.0,0.0,1.1428571428571428,1.0,4,0,5,1.0
2024-05-11,Ph01_Z01_C01,5.06001E+12,1.0,1.0,1.0,1.0,1.1428571428571428,1.0,5,1,5,2.0
2024-05-12,Ph01_Z01_C01,5.06001E+12,2.0,1.0,0.0,1.0,1.4285714285714286,1.0714285714285714,6,1,5,1.0
2024-05-13,Ph01_Z01_C01,5.06001E+12,1.0,2.0,1.0,0.0,1.4285714285714286,1.1428571428571428,0,0,5,3.0
2024-05-14,Ph01_Z01_C01,5.06001E+12,3.0,1.0,1.0,0.0,1.7142857142857142,1.3571428571428572,1,0,5,0.0
2024-05-15,Ph01_Z01_C01,5.06001E+12,0.0,3.0,0.0,2.0,1.7142857142857142,1.2142857142857142,2,0,5,0.0
2024-05-16,Ph01_Z01_C01,5.06001E+12,0.0,0.0,4.0,2.0,1.1428571428571428,1.0714285714285714,3,0,5,1.0
2024-05-17,Ph01_Z01_C01,5.06001E+12,1.0,0.0,1.0,0.0,1.1428571428571428,1.1428571428571428,4,0,5,0.0
2024-05-18,Ph01_Z01_C01,5.06001E+12,0.0,1.0,1.0,1.0,1.0,1.0714285714285714,5,1,5,1.0
2024-05-19,Ph01_Z01_C01,5.06001E+12,1.0,0.0,2.0,0.0,0.8571428571428571,1.1428571428571428,6,1,5,1.0
2024-05-20,Ph01_Z01_C01,5.06001E+12,1.0,1.0,1.0,1.0,0.8571428571428571,1.1428571428571428,0,0,5,0.0
2024-05-21,Ph01_Z01_C01,5.06001E+12,0.0,1.0,3.0,1.0,0.42857142857142855,1.0714285714285714,1,0,5,0.0
2024-05-22,Ph01_Z01_C01,5.06001E+12,0.0,0.0,0.0,0.0,0.42857142857142855,1.0714285714285714,2,0,5,4.0
2024-05-23,Ph01_Z01_C01,5.06001E+12,4.0,0.0,0.0,4.0,1.0,1.0714285714285714,3,0,5,0.0
2024-05-24,Ph01_Z01_C01,5.06001E+12,0.0,4.0,1.0,1.0,0.8571428571428571,1.0,4,0,5,2.0
2024-05-25,Ph01_Z01_C01,5.06001E+12,2.0,0.0,0.0,1.0,1.1428571428571428,1.0714285714285714,5,1,5,0.0
2024-05-26,Ph01_Z01_C01,5.06001E+12,0.0,2.0,1.0,2.0,1.0,0.9285714285714286,6,1,5,1.0
2024-05-27,Ph01_Z01_C01,5.06001E+12,1.0,0.0,1.0,1.0,1.0,0.9285714285714286,0,0,5,0.0
2024-05-28,Ph01_Z01_C01,5.06001E+12,0.0,1.0,0.0,3.0,1.0,0.7142857142857143,1,0,5,1.0
2024-05-29,Ph01_Z01_C01,5.06001E+12,1.0,0.0,0.0,0.0,1.1428571428571428,0.7857142857142857,2,0,5,3.0
2024-05-30,Ph01_Z01_C01,5.06001E+12,3.0,1.0,4.0,0.0,1.0,1.0,3,0,5,1.0
2024-05-31,Ph01_Z01_C01,5.06001E+12,1.0,3.0,0.0,1.0,1.1428571428571428,1.0,4,0,5,0.0
2024-06-01,Ph01_Z01_C01,5.06001E+12,0.0,1.0,2.0,0.0,0.8571428571428571,1.0,5,1,6,15.0
2024-06-02,Ph01_Z01_C01,5.06001E+12,15.0,0.0,0.0,1.0,3.0,2.0,6,1,6,0.0
2024-06-03,Ph01_Z01_C01,5.06001E+12,0.0,15.0,1.0,1.0,2.857142857142857,1.9285714285714286,0,0,6,0.0
2024-06-04,Ph01_Z01_C01,5.06001E+12,0.0,0.0,0.0,0.0,2.857142857142857,1.9285714285714286,1,0,6,0.0
2024-06-05,Ph01_Z01_C01,5.06001E+12,0.0,0.0,1.0,0.0,2.7142857142857144,1.9285714285714286,2,0,6,2.0
2024-06-06,Ph01_Z01_C01,5.06001E+12,2.0,0.0,3.0,4.0,2.5714285714285716,1.7857142857142858,3,0,6,2.0
2024-06-07,Ph01_Z01_C01,5.06001E+12,2.0,2.0,1.0,0.0,2.7142857142857144,1.9285714285714286,4,0,6,2.0
2024-06-08,Ph01_Z01_C01,5.06001E+12,2.0,2.0,0.0,2.0,3.0,1.9285714285714286,5,1,6,0.0
2024-06-09,Ph01_Z01_C01,5.06001E+12,0.0,2.0,15.0,0.0,0.8571428571428571,1.9285714285714286,6,1,6,1.0
2024-06-10,Ph01_Z01_C01,5.06001E+12,1.0,0.0,0.0,1.0,1.0,1.9285714285714286,0,0,6,1.0
2024-06-11,Ph01_Z01_C01,5.06001E+12,1.0,1.0,0.0,0.0,1.1428571428571428,2.0,1,0,6,1.0
2024-06-12,Ph01_Z01_C01,5.06001E+12,1.0,1.0,0.0,1.0,1.2857142857142858,2.0,2,0,6,0.0
2024-06-13,Ph01_Z01_C01,5.06001E+12,0.0,1.0,2.0,3.0,1.0,1.7857142857142858,3,0,6,3.0
2024-06-14,Ph01_Z01_C01,5.06001E+12,3.0,0.0,2.0,1.0,1.1428571428571428,1.9285714285714286,4,0,6,1.0
2024-06-15,Ph01_Z01_C01,5.06001E+12,1.0,3.0,2.0,0.0,1.0,2.0,5,1,6,1.0
2024-06-16,Ph01_Z01_C01,5.06001E+12,1.0,1.0,0.0,15.0,1.1428571428571428,1.0,6,1,6,2.0
2024-06-17,Ph01_Z01_C01,5.06001E+12,2.0,1.0,1.0,0.0,1.2857142857142858,1.1428571428571428,0,0,6,0.0
2024-06-18,Ph01_Z01_C01,5.06001E+12,0.0,2.0,1.0,0.0,1.1428571428571428,1.1428571428571428,1,0,6,3.0
2024-06-19,Ph01_Z01_C01,5.06001E+12,3.0,0.0,1.0,0.0,1.4285714285714286,1.3571428571428572,2,0,6,0.0
2024-06-20,Ph01_Z01_C01,5.06001E+12,0.0,3.0,0.0,2.0,1.4285714285714286,1.2142857142857142,3,0,6,0.0
2024-06-21,Ph01_Z01_C01,5.06001E+12,0.0,0.0,3.0,2.0,1.0,1.0714285714285714,4,0,6,1.0
2024-06-22,Ph01_Z01_C01,5.06001E+12,1.0,0.0,1.0,2.0,1.0,1.0,5,1,6,1.0
2024-06-23,Ph01_Z01_C01,5.06001E+12,1.0,1.0,1.0,0.0,1.0,1.0714285714285714,6,1,6,0.0
2024-06-24,Ph01_Z01_C01,5.06001E+12,0.0,1.0,2.0,1.0,0.7142857142857143,1.0,0,0,6,1.0
2024-06-25,Ph01_Z01_C01,5.06001E+12,1.0,0.0,0.0,1.0,0.8571428571428571,1.0,1,0,6,0.0
2024-06-26,Ph01_Z01_C01,5.06001E+12,0.0,1.0,3.0,1.0,0.42857142857142855,0.9285714285714286,2,0,6,3.0
2024-06-27,Ph01_Z01_C01,5.06001E+12,3.0,0.0,0.0,0.0,0.8571428571428571,1.1428571428571428,3,0,6,0.0
2024-06-28,Ph01_Z01_C01,5.06001E+12,0.0,3.0,0.0,3.0,0.8571428571428571,0.9285714285714286,4,0,6,0.0
2024-06-29,Ph01_Z01_C01,5.06001E+12,0.0,0.0,1.0,1.0,0.7142857142857143,0.8571428571428571,5,1,6,4.0
2024-06-30,Ph01_Z01_C01,5.06001E+12,4.0,0.0,1.0,1.0,1.1428571428571428,1.0714285714285714,6,1,6,0.0
2024-07-01,Ph01_Z01_C01,5.06001E+12,0.0,4.0,0.0,2.0,1.1428571428571428,0.9285714285714286,0,0,7,0.0
2024-07-02,Ph01_Z01_C01,5.06001E+12,0.0,0.0,1.0,0.0,1.0,0.9285714285714286,1,0,7,0.0
2024-07-03,Ph01_Z01_C01,5.06001E+12,0.0,0.0,0.0,3.0,1.0,0.7142857142857143,2,0,7,0.0
2024-07-04,Ph01_Z01_C01,5.06001E+12,0.0,0.0,3.0,0.0,0.5714285714285714,0.7142857142857143,3,0,7,2.0
2024-07-05,Ph01_Z01_C01,5.06001E+12,2.0,0.0,0.0,0.0,0.8571428571428571,0.8571428571428571,4,0,7,1.0
2024-07-06,Ph01_Z01_C01,5.06001E+12,1.0,2.0,0.0,1.0,1.0,0.8571428571428571,5,1,7,1.0
2024-07-07,Ph01_Z01_C01,5.06001E+12,1.0,1.0,4.0,1.0,0.5714285714285714,0.8571428571428571,6,1,7,0.0
2024-07-08,Ph01_Z01_C01,5.06001E+12,0.0,1.0,0.0,0.0,0.5714285714285714,0.8571428571428571,0,0,7,2.0
2024-07-09,Ph01_Z01_C01,5.06001E+12,2.0,0.0,0.0,1.0,0.8571428571428571,0.9285714285714286,1,0,7,0.0
2024-07-10,Ph01_Z01_C01,5.06001E+12,0.0,2.0,0.0,0.0,0.8571428571428571,0.9285714285714286,2,0,7,0.0
2024-07-11,Ph01_Z01_C01,5.06001E+12,0.0,0.0,0.0,3.0,0.8571428571428571,0.7142857142857143,3,0,7,1.0
2024-07-12,Ph01_Z01_C01,5.06001E+12,1.0,0.0,2.0,0.0,0.7142857142857143,0.7857142857142857,4,0,7,0.0
2024-07-13,Ph01_Z01_C01,5.06001E+12,0.0,1.0,1.0,0.0,0.5714285714285714,0.7857142857142857,5,1,7,0.0
2024-07-14,Ph01_Z01_C01,5.06001E+12,0.0,0.0,1.0,4.0,0.42857142857142855,0.5,6,1,7,1.0
2024-07-15,Ph01_Z01_C01,5.06001E+12,1.0,0.0,0.0,0.0,0.5714285714285714,0.5714285714285714,0,0,7,0.0
2024-07-16,Ph01_Z01_C01,5.06001E+12,0.0,1.0,2.0,0.0,0.2857142857142857,0.5714285714285714,1,0,7,2.0
2024-07-17,Ph01_Z01_C01,5.06001E+12,2.0,0.0,0.0,0.0,0.5714285714285714,0.7142857142857143,2,0,7,0.0
2024-07-18,Ph01_Z01_C01,5.06001E+12,0.0,2.0,0.0,0.0,0.5714285714285714,0.7142857142857143,3,0,7,0.0
2024-07-19,Ph01_Z01_C01,5.06001E+12,0.0,0.0,1.0,2.0,0.42857142857142855,0.5714285714285714,4,0,7,1.0
2024-07-20,Ph01_Z01_C01,5.06001E+12,1.0,0.0,0.0,1.0,0.5714285714285714,0.5714285714285714,5,1,7,0.0
2024-07-21,Ph01_Z01_C01,5.06001E+12,0.0,1.0,0.0,1.0,0.5714285714285714,0.5,6,1,7,1.0
2024-07-22,Ph01_Z01_C01,5.06001E+12,1.0,0.0,1.0,0.0,0.5714285714285714,0.5714285714285714,0,0,7,0.0
2024-07-23,Ph01_Z01_C01,5.06001E+12,0.0,1.0,0.0,2.0,0.5714285714285714,0.42857142857142855,1,0,7,2.0
2024-07-24,Ph01_Z01_C01,5.06001E+12,2.0,0.0,2.0,0.0,0.5714285714285714,0.5714285714285714,2,0,7,2.0
2024-07-25,Ph01_Z01_C01,5.06001E+12,2.0,2.0,0.0,0.0,0.8571428571428571,0.7142857142857143,3,0,7,0.0
2024-07-26,Ph01_Z01_C01,5.06001E+12,0.0,2.0,0.0,1.0,0.8571428571428571,0.6428571428571429,4,0,7,1.0
2024-07-27,Ph01_Z01_C01,5.06001E+12,1.0,0.0,1.0,0.0,0.8571428571428571,0.7142857142857143,5,1,7,0.0
2024-07-28,Ph01_Z01_C01,5.06001E+12,0.0,1.0,0.0,0.0,0.8571428571428571,0.7142857142857143,6,1,7,0.0
2024-07-29,Ph01_Z01_C01,5.06001E+12,0.0,0.0,1.0,1.0,0.7142857142857143,0.6428571428571429,0,0,7,1.0
2024-07-30,Ph01_Z01_C01,5.06001E+12,1.0,0.0,0.0,0.0,0.8571428571428571,0.7142857142857143,1,0,7,1.0
2024-07-31,Ph01_Z01_C01,5.06001E+12,1.0,1.0,2.0,2.0,0.7142857142857143,0.6428571428571429,2,0,7,1.0
2024-08-01,Ph01_Z01_C01,5.06001E+12,1.0,1.0,2.0,0.0,0.5714285714285714,0.7142857142857143,3,0,8,1.0
2024-08-02,Ph01_Z01_C01,5.06001E+12,1.0,1.0,0.0,0.0,0.7142857142857143,0.7857142857142857,4,0,8,0.0
2024-08-03,Ph01_Z01_C01,5.06001E+12,0.0,1.0,1.0,1.0,0.5714285714285714,0.7142857142857143,5,1,8,1.0
2024-08-04,Ph01_Z01_C01,5.06001E+12,1.0,0.0,0.0,0.0,0.7142857142857143,0.7857142857142857,6,1,8,2.0
2024-08-05,Ph01_Z01_C01,5.06001E+12,2.0,1.0,0.0,1.0,1.0,0.8571428571428571,0,0,8,0.0
2024-08-06,Ph01_Z01_C01,5.06001E+12,0.0,2.0,1.0,0.0,0.8571428571428571,0.8571428571428571,1,0,8,2.0
2024-08-07,Ph01_Z01_C01,5.06001E+12,2.0,0.0,1.0,2.0,1.0,0.8571428571428571,2,0,8,0.0
2024-08-08,Ph01_Z01_C01,5.06001E+12,0.0,2.0,1.0,2.0,0.8571428571428571,0.7142857142857143,3,0,8,0.0
2024-08-09,Ph01_Z01_C01,5.06001E+12,0.0,0.0,1.0,0.0,0.7142857142857143,0.7142857142857143,4,0,8,0.0
2024-08-10,Ph01_Z01_C01,5.06001E+12,0.0,0.0,0.0,1.0,0.7142857142857143,0.6428571428571429,5,1,8,0.0
2024-08-11,Ph01_Z01_C01,5.06001E+12,0.0,0.0,1.0,0.0,0.5714285714285714,0.6428571428571429,6,1,8,0.0
2024-08-12,Ph01_Z01_C01,5.06001E+12,0.0,0.0,2.0,0.0,0.2857142857142857,0.6428571428571429,0,0,8,0.0
2024-08-13,Ph01_Z01_C01,5.06001E+12,0.0,0.0,0.0,1.0,0.2857142857142857,0.5714285714285714,1,0,8,3.0
2024-08-14,Ph01_Z01_C01,5.06001E+12,3.0,0.0,2.0,1.0,0.42857142857142855,0.7142857142857143,2,0,8,4.0
2024-08-15,Ph01_Z01_C01,5.06001E+12,4.0,3.0,0.0,1.0,1.0,0.9285714285714286,3,0,8,2.0
2024-08-16,Ph01_Z01_C01,5.06001E+12,2.0,4.0,0.0,1.0,1.2857142857142858,1.0,4,0,8,0.0
2024-08-17,Ph01_Z01_C01,5.06001E+12,0.0,2.0,0.0,0.0,1.2857142857142858,1.0,5,1,8,1.0
2024-08-18,Ph01_Z01_C01,5.06001E+12,1.0,0.0,0.0,1.0,1.4285714285714286,1.0,6,1,8,0.0
2024-08-19,Ph01_Z01_C01,5.06001E+12,0.0,1.0,0.0,2.0,1.4285714285714286,0.8571428571428571,0,0,8,0.0
2024-08-20,Ph01_Z01_C01,5.06001E+12,0.0,0.0,0.0,0.0,1.4285714285714286,0.8571428571428571,1,0,8,0.0
2024-08-21,Ph01_Z01_C01,5.06001E+12,0.0,0.0,3.0,2.0,1.0,0.7142857142857143,2,0,8,1.0
2024-08-22,Ph01_Z01_C01,5.06001E+12,1.0,0.0,4.0,0.0,0.5714285714285714,0.7857142857142857,3,0,8,1.0
2024-08-23,Ph01_Z01_C01,5.06001E+12,1.0,1.0,2.0,0.0,0.42857142857142855,0.8571428571428571,4,0,8,0.0
2024-08-24,Ph01_Z01_C01,5.06001E+12,0.0,1.0,0.0,0.0,0.42857142857142855,0.8571428571428571,5,1,8,1.0
2024-08-25,Ph01_Z01_C01,5.06001E+12,1.0,0.0,1.0,0.0,0.42857142857142855,0.9285714285714286,6,1,8,1.0
2024-08-26,Ph01_Z01_C01,5.06001E+12,1.0,1.0,0.0,0.0,0.5714285714285714,1.0,0,0,8,2.0
2024-08-27,Ph01_Z01_C01,5.06001E+12,2.0,1.0,0.0,0.0,0.8571428571428571,1.1428571428571428,1,0,8,1.0
2024-08-28,Ph01_Z01_C01,5.06001E+12,1.0,2.0,0.0,3.0,1.0,1.0,2,0,8,0.0
2024-08-29,Ph01_Z01_C01,5.06001E+12,0.0,1.0,1.0,4.0,0.8571428571428571,0.7142857142857143,3,0,8,0.0
2024-08-30,Ph01_Z01_C01,5.06001E+12,0.0,0.0,1.0,2.0,0.7142857142857143,0.5714285714285714,4,0,8,0.0
2024-08-31,Ph01_Z01_C01,5.06001E+12,0.0,0.0,0.0,0.0,0.7142857142857143,0.5714285714285714,5,1,8,2.0
2024-09-01,Ph01_Z01_C01,5.06001E+12,2.0,0.0,1.0,1.0,0.8571428571428571,0.6428571428571429,6,1,9,8.0
2024-09-02,Ph01_Z01_C01,5.06001E+12,8.0,2.0,1.0,0.0,1.8571428571428572,1.2142857142857142,0,0,9,0.0
2024-09-03,Ph01_Z01_C01,5.06001E+12,0.0,8.0,2.0,0.0,1.5714285714285714,1.2142857142857142,1,0,9,0.0
2024-09-04,Ph01_Z01_C01,5.06001E+12,0.0,0.0,1.0,0.0,1.4285714285714286,1.2142857142857142,2,0,9,4.0
2024-09-05,Ph01_Z01_C01,5.06001E+12,4.0,0.0,0.0,1.0,2.0,1.4285714285714286,3,0,9,2.0
2024-09-06,Ph01_Z01_C01,5.06001E+12,2.0,4.0,0.0,1.0,2.2857142857142856,1.5,4,0,9,1.0
2024-09-07,Ph01_Z01_C01,5.06001E+12,1.0,2.0,0.0,0.0,2.4285714285714284,1.5714285714285714,5,1,9,4.0
2024-09-08,Ph01_Z01_C01,5.06001E+12,4.0,1.0,2.0,1.0,2.7142857142857144,1.7857142857142858,6,1,9,2.0
2024-09-09,Ph01_Z01_C01,5.06001E+12,2.0,4.0,8.0,1.0,1.8571428571428572,1.8571428571428572,0,0,9,2.0
2024-09-10,Ph01_Z01_C01,5.06001E+12,2.0,2.0,0.0,2.0,2.142857142857143,1.8571428571428572,1,0,9,3.0
2024-09-11,Ph01_Z01_C01,5.06001E+12,3.0,2.0,0.0,1.0,2.5714285714285716,2.0,2,0,9,2.0
2024-09-12,Ph01_Z01_C01,5.06001E+12,2.0,3.0,4.0,0.0,2.2857142857142856,2.142857142857143,3,0,9,0.0
2024-09-13,Ph01_Z01_C01,5.06001E+12,0.0,2.0,2.0,0.0,2.0,2.142857142857143,4,0,9,0.0
2024-09-14,Ph01_Z01_C01,5.06001E+12,0.0,0.0,1.0,0.0,1.8571428571428572,2.142857142857143,5,1,9,2.0
2024-09-15,Ph01_Z01_C01,5.06001E+12,2.0,0.0,4.0,2.0,1.5714285714285714,2.142857142857143,6,1,9,0.0
2024-09-16,Ph01_Z01_C01,5.06001E+12,0.0,2.0,2.0,8.0,1.2857142857142858,1.5714285714285714,0,0,9,0.0
2024-09-17,Ph01_Z01_C01,5.06001E+12,0.0,0.0,2.0,0.0,1.0,1.5714285714285714,1,0,9,1.0
2024-09-18,Ph01_Z01_C01,5.06001E+12,1.0,0.0,3.0,0.0,0.7142857142857143,1.6428571428571428,2,0,9,0.0
2024-09-19,Ph01_Z01_C01,5.06001E+12,0.0,1.0,2.0,4.0,0.42857142857142855,1.3571428571428572,3,0,9,1.0
2024-09-20,Ph01_Z01_C01,5.06001E+12,1.0,0.0,0.0,2.0,0.5714285714285714,1.2857142857142858,4,0,9,0.0
2024-09-21,Ph01_Z01_C01,5.06001E+12,0.0,1.0,0.0,1.0,0.5714285714285714,1.2142857142857142,5,1,9,2.0
2024-09-22,Ph01_Z01_C01,5.06001E+12,2.0,0.0,2.0,4.0,0.5714285714285714,1.0714285714285714,6,1,9,0.0
2024-09-23,Ph01_Z01_C01,5.06001E+12,0.0,2.0,0.0,2.0,0.5714285714285714,0.9285714285714286,0,0,9,3.0
2024-09-24,Ph01_Z01_C01,5.06001E+12,3.0,0.0,0.0,2.0,1.0,1.0,1,0,9,1.0
2024-09-25,Ph01_Z01_C01,5.06001E+12,1.0,3.0,1.0,3.0,1.0,0.8571428571428571,2,0,9,0.0
2024-09-26,Ph01_Z01_C01,5.06001E+12,0.0,1.0,0.0,2.0,1.0,0.7142857142857143,3,0,9,0.0
2024-09-27,Ph01_Z01_C01,5.06001E+12,0.0,0.0,1.0,0.0,0.8571428571428571,0.7142857142857143,4,0,9,0.0
2024-09-28,Ph01_Z01_C01,5.06001E+12,0.0,0.0,0.0,0.0,0.8571428571428571,0.7142857142857143,5,1,9,3.0
2024-09-29,Ph01_Z01_C01,5.06001E+12,3.0,0.0,2.0,2.0,1.0,0.7857142857142857,6,1,9,1.0
2024-09-30,Ph01_Z01_C01,5.06001E+12,1.0,3.0,0.0,0.0,1.1428571428571428,0.8571428571428571,0,0,9,0.0
2024-10-01,Ph01_Z01_C01,5.06001E+12,0.0,1.0,3.0,0.0,0.7142857142857143,0.8571428571428571,1,0,10,0.0
2024-10-02,Ph01_Z01_C01,5.06001E+12,0.0,0.0,1.0,1.0,0.5714285714285714,0.7857142857142857,2,0,10,1.0
2024-10-03,Ph01_Z01_C01,5.06001E+12,1.0,0.0,0.0,0.0,0.7142857142857143,0.8571428571428571,3,0,10,2.0
2024-10-04,Ph01_Z01_C01,5.06001E+12,2.0,1.0,0.0,1.0,1.0,0.9285714285714286,4,0,10,1.0
2024-10-05,Ph01_Z01_C01,5.06001E+12,1.0,2.0,0.0,0.0,1.1428571428571428,1.0,5,1,10,0.0
2024-10-06,Ph01_Z01_C01,5.06001E+12,0.0,1.0,3.0,2.0,0.7142857142857143,0.8571428571428571,6,1,10,2.0
2024-10-07,Ph01_Z01_C01,5.06001E+12,2.0,0.0,1.0,0.0,0.8571428571428571,1.0,0,0,10,0.0
2024-10-08,Ph01_Z01_C01,5.06001E+12,0.0,2.0,0.0,3.0,0.8571428571428571,0.7857142857142857,1,0,10,1.0
2024-10-09,Ph01_Z01_C01,5.06001E+12,1.0,0.0,0.0,1.0,1.0,0.7857142857142857,2,0,10,2.0
2024-10-10,Ph01_Z01_C01,5.06001E+12,2.0,1.0,1.0,0.0,1.1428571428571428,0.9285714285714286,3,0,10,1.0
2024-10-11,Ph01_Z01_C01,5.06001E+12,1.0,2.0,2.0,0.0,1.0,1.0,4,0,10,1.0
2024-10-12,Ph01_Z01_C01,5.06001E+12,1.0,1.0,1.0,0.0,1.0,1.0714285714285714,5,1,10,1.0
2024-10-13,Ph01_Z01_C01,5.06001E+12,1.0,1.0,0.0,3.0,1.1428571428571428,0.9285714285714286,6,1,10,0.0
2024-10-14,Ph01_Z01_C01,5.06001E+12,0.0,1.0,2.0,1.0,0.8571428571428571,0.8571428571428571,0,0,10,0.0
2024-10-15,Ph01_Z01_C01,5.06001E+12,0.0,0.0,0.0,0.0,0.8571428571428571,0.8571428571428571,1,0,10,0.0
2024-10-16,Ph01_Z01_C01,5.06001E+12,0.0,0.0,1.0,0.0,0.7142857142857143,0.8571428571428571,2,0,10,2.0
2024-10-17,Ph01_Z01_C01,5.06001E+12,2.0,0.0,2.0,1.0,0.7142857142857143,0.9285714285714286,3,0,10,4.0
2024-10-18,Ph01_Z01_C01,5.06001E+12,4.0,2.0,1.0,2.0,1.1428571428571428,1.0714285714285714,4,0,10,3.0
2024-10-19,Ph01_Z01_C01,5.06001E+12,3.0,4.0,1.0,1.0,1.4285714285714286,1.2142857142857142,5,1,10,2.0
2024-10-20,Ph01_Z01_C01,5.06001E+12,2.0,3.0,1.0,0.0,1.5714285714285714,1.3571428571428572,6,1,10,0.0
2024-10-21,Ph01_Z01_C01,5.06001E+12,0.0,2.0,0.0,2.0,1.5714285714285714,1.2142857142857142,0,0,10,1.0
2024-10-22,Ph01_Z01_C01,5.06001E+12,1.0,0.0,0.0,0.0,1.7142857142857142,1.2857142857142858,1,0,10,2.0
2024-10-23,Ph01_Z01_C01,5.06001E+12,2.0,1.0,0.0,1.0,2.0,1.3571428571428572,2,0,10,1.0
2024-10-24,Ph01_Z01_C01,5.06001E+12,1.0,2.0,2.0,2.0,1.8571428571428572,1.2857142857142858,3,0,10,3.0
2024-10-25,Ph01_Z01_C01,5.06001E+12,3.0,1.0,4.0,1.0,1.7142857142857142,1.4285714285714286,4,0,10,0.0
2024-10-26,Ph01_Z01_C01,5.06001E+12,0.0,3.0,3.0,1.0,1.2857142857142858,1.3571428571428572,5,1,10,1.0
2024-10-27,Ph01_Z01_C01,5.06001E+12,1.0,0.0,2.0,1.0,1.1428571428571428,1.3571428571428572,6,1,10,1.0
2024-10-28,Ph01_Z01_C01,5.06001E+12,1.0,1.0,0.0,0.0,1.2857142857142858,1.4285714285714286,0,0,10,1.0
2024-10-29,Ph01_Z01_C01,5.06001E+12,1.0,1.0,1.0,0.0,1.2857142857142858,1.5,1,0,10,0.0
2024-10-30,Ph01_Z01_C01,5.06001E+12,0.0,1.0,2.0,0.0,1.0,1.5,2,0,10,1.0
2024-10-31,Ph01_Z01_C01,5.06001E+12,1.0,0.0,1.0,2.0,1.0,1.4285714285714286,3,0,10,0.0
2024-01-01,Ph01_Z01_C01,6.25107E+12,3.0,0.0,0.0,0.0,3.0,3.0,0,0,1,6.0
2024-01-02,Ph01_Z01_C01,6.25107E+12,6.0,3.0,0.0,0.0,4.5,4.5,1,0,1,10.0
2024-01-03,Ph01_Z01_C01,6.25107E+12,10.0,6.0,0.0,0.0,6.333333333333333,6.333333333333333,2,0,1,3.0
2024-01-04,Ph01_Z01_C01,6.25107E+12,3.0,10.0,0.0,0.0,5.5,5.5,3,0,1,1.0
2024-01-05,Ph01_Z01_C01,6.25107E+12,1.0,3.0,0.0,0.0,4.6,4.6,4,0,1,2.0
2024-01-06,Ph01_Z01_C01,6.25107E+12,2.0,1.0,0.0,0.0,4.166666666666667,4.166666666666667,5,1,1,1.0
2024-01-07,Ph01_Z01_C01,6.25107E+12,1.0,2.0,0.0,0.0,3.7142857142857144,3.7142857142857144,6,1,1,0.0
2024-01-08,Ph01_Z01_C01,6.25107E+12,0.0,1.0,3.0,0.0,3.2857142857142856,3.25,0,0,1,2.0
2024-01-09,Ph01_Z01_C01,6.25107E+12,2.0,0.0,6.0,0.0,2.7142857142857144,3.111111111111111,1,0,1,7.0
2024-01-10,Ph01_Z01_C01,6.25107E+12,7.0,2.0,10.0,0.0,2.2857142857142856,3.5,2,0,1,4.0
2024-01-11,Ph01_Z01_C01,6.25107E+12,4.0,7.0,3.0,0.0,2.4285714285714284,3.5454545454545454,3,0,1,2.0
2024-01-12,Ph01_Z01_C01,6.25107E+12,2.0,4.0,1.0,0.0,2.5714285714285716,3.4166666666666665,4,0,1,5.0
2024-01-13,Ph01_Z01_C01,6.25107E+12,5.0,2.0,2.0,0.0,3.0,3.5384615384615383,5,1,1,4.0
2024-01-14,Ph01_Z01_C01,6.25107E+12,4.0,5.0,1.0,0.0,3.4285714285714284,3.5714285714285716,6,1,1,6.0
2024-01-15,Ph01_Z01_C01,6.25107E+12,6.0,4.0,0.0,3.0,4.285714285714286,3.7857142857142856,0,0,1,0.0
2024-01-16,Ph01_Z01_C01,6.25107E+12,0.0,6.0,2.0,6.0,4.0,3.357142857142857,1,0,1,4.0
2024-01-17,Ph01_Z01_C01,6.25107E+12,4.0,0.0,7.0,10.0,3.5714285714285716,2.9285714285714284,2,0,1,3.0
2024-01-18,Ph01_Z01_C01,6.25107E+12,3.0,4.0,4.0,3.0,3.4285714285714284,2.9285714285714284,3,0,1,4.0
2024-01-19,Ph01_Z01_C01,6.25107E+12,4.0,3.0,2.0,1.0,3.7142857142857144,3.142857142857143,4,0,1,12.0
2024-01-20,Ph01_Z01_C01,6.25107E+12,12.0,4.0,5.0,2.0,4.714285714285714,3.857142857142857,5,1,1,0.0
2024-01-21,Ph01_Z01_C01,6.25107E+12,0.0,12.0,4.0,1.0,4.142857142857143,3.7857142857142856,6,1,1,3.0
2024-01-22,Ph01_Z01_C01,6.25107E+12,3.0,0.0,6.0,0.0,3.7142857142857144,4.0,0,0,1,1.0
2024-01-23,Ph01_Z01_C01,6.25107E+12,1.0,3.0,0.0,2.0,3.857142857142857,3.9285714285714284,1,0,1,4.0
2024-01-24,Ph01_Z01_C01,6.25107E+12,4.0,1.0,4.0,7.0,3.857142857142857,3.7142857142857144,2,0,1,1.0
2024-01-25,Ph01_Z01_C01,6.25107E+12,1.0,4.0,3.0,4.0,3.5714285714285716,3.5,3,0,1,2.0
2024-01-26,Ph01_Z01_C01,6.25107E+12,2.0,1.0,4.0,2.0,3.2857142857142856,3.5,4,0,1,2.0
2024-01-27,Ph01_Z01_C01,6.25107E+12,2.0,2.0,12.0,5.0,1.8571428571428572,3.2857142857142856,5,1,1,3.0
2024-01-28,Ph01_Z01_C01,6.25107E+12,3.0,2.0,0.0,4.0,2.2857142857142856,3.2142857142857144,6,1,1,1.0
2024-01-29,Ph01_Z01_C01,6.25107E+12,1.0,3.0,3.0,6.0,2.0,2.857142857142857,0,0,1,3.0
2024-01-30,Ph01_Z01_C01,6.25107E+12,3.0,1.0,1.0,0.0,2.2857142857142856,3.0714285714285716,1,0,1,2.0
2024-01-31,Ph01_Z01_C01,6.25107E+12,2.0,3.0,4.0,4.0,2.0,2.9285714285714284,2,0,1,3.0
2024-02-01,Ph01_Z01_C01,6.25107E+12,3.0,2.0,1.0,3.0,2.2857142857142856,2.9285714285714284,3,0,2,5.0
2024-02-02,Ph01_Z01_C01,6.25107E+12,5.0,3.0,2.0,4.0,2.7142857142857144,3.0,4,0,2,1.0
2024-02-03,Ph01_Z01_C01,6.25107E+12,1.0,5.0,2.0,12.0,2.5714285714285716,2.2142857142857144,5,1,2,5.0
2024-02-04,Ph01_Z01_C01,6.25107E+12,5.0,1.0,3.0,0.0,2.857142857142857,2.5714285714285716,6,1,2,1.0
2024-02-05,Ph01_Z01_C01,6.25107E+12,1.0,5.0,1.0,3.0,2.857142857142857,2.4285714285714284,0,0,2,7.0
2024-02-06,Ph01_Z01_C01,6.25107E+12,7.0,1.0,3.0,1.0,3.4285714285714284,2.857142857142857,1,0,2,1.0
2024-02-07,Ph01_Z01_C01,6.25107E+12,1.0,7.0,2.0,4.0,3.2857142857142856,2.642857142857143,2,0,2,3.0
2024-02-08,Ph01_Z01_C01,6.25107E+12,3.0,1.0,3.0,1.0,3.2857142857142856,2.7857142857142856,3,0,2,3.0
2024-02-09,Ph01_Z01_C01,6.25107E+12,3.0,3.0,5.0,2.0,3.0,2.857142857142857,4,0,2,5.0
2024-02-10,Ph01_Z01_C01,6.25107E+12,5.0,3.0,1.0,2.0,3.5714285714285716,3.0714285714285716,5,1,2,4.0
2024-02-11,Ph01_Z01_C01,6.25107E+12,4.0,5.0,5.0,3.0,3.4285714285714284,3.142857142857143,6,1,2,10.0
2024-02-12,Ph01_Z01_C01,6.25107E+12,10.0,4.0,1.0,1.0,4.714285714285714,3.7857142857142856,0,0,2,3.0
2024-02-13,Ph01_Z01_C01,6.25107E+12,3.0,10.0,7.0,3.0,4.142857142857143,3.7857142857142856,1,0,2,0.0
2024-02-14,Ph01_Z01_C01,6.25107E+12,0.0,3.0,1.0,2.0,4.0,3.642857142857143,2,0,2,1.0
2024-02-15,Ph01_Z01_C01,6.25107E+12,1.0,0.0,3.0,3.0,3.7142857142857144,3.5,3,0,2,2.0
2024-02-16,Ph01_Z01_C01,6.25107E+12,2.0,1.0,3.0,5.0,3.5714285714285716,3.2857142857142856,4,0,2,0.0
2024-02-17,Ph01_Z01_C01,6.25107E+12,0.0,2.0,5.0,1.0,2.857142857142857,3.2142857142857144,5,1,2,5.0
2024-02-18,Ph01_Z01_C01,6.25107E+12,5.0,0.0,4.0,5.0,3.0,3.2142857142857144,6,1,2,2.0
2024-02-19,Ph01_Z01_C01,6.25107E+12,2.0,5.0,10.0,1.0,1.8571428571428572,3.2857142857142856,0,0,2,5.0
2024-02-20,Ph01_Z01_C01,6.25107E+12,5.0,2.0,3.0,7.0,2.142857142857143,3.142857142857143,1,0,2,2.0
2024-02-21,Ph01_Z01_C01,6.25107E+12,2.0,5.0,0.0,1.0,2.4285714285714284,3.2142857142857144,2,0,2,5.0
2024-02-22,Ph01_Z01_C01,6.25107E+12,5.0,2.0,1.0,3.0,3.0,3.357142857142857,3,0,2,1.0
2024-02-23,Ph01_Z01_C01,6.25107E+12,1.0,5.0,2.0,3.0,2.857142857142857,3.2142857142857144,4,0,2,5.0
2024-02-24,Ph01_Z01_C01,6.25107E+12,5.0,1.0,0.0,5.0,3.5714285714285716,3.2142857142857144,5,1,2,5.0
2024-02-25,Ph01_Z01_C01,6.25107E+12,5.0,5.0,5.0,4.0,3.5714285714285716,3.2857142857142856,6,1,2,2.0
2024-02-26,Ph01_Z01_C01,6.25107E+12,2.0,5.0,2.0,10.0,3.5714285714285716,2.7142857142857144,0,0,2,2.0
2024-02-27,Ph01_Z01_C01,6.25107E+12,2.0,2.0,5.0,3.0,3.142857142857143,2.642857142857143,1,0,2,2.0
2024-02-28,Ph01_Z01_C01,6.25107E+12,2.0,2.0,2.0,0.0,3.142857142857143,2.7857142857142856,2,0,2,1.0
2024-02-29,Ph01_Z01_C01,6.25107E+12,1.0,2.0,5.0,1.0,2.5714285714285716,2.7857142857142856,3,0,2,4.0
2024-03-01,Ph01_Z01_C01,6.25107E+12,4.0,1.0,1.0,2.0,3.0,2.9285714285714284,4,0,3,3.0
2024-03-02,Ph01_Z01_C01,6.25107E+12,3.0,4.0,5.0,0.0,2.7142857142857144,3.142857142857143,5,1,3,1.0
2024-03-03,Ph01_Z01_C01,6.25107E+12,1.0,3.0,5.0,5.0,2.142857142857143,2.857142857142857,6,1,3,4.0
2024-03-04,Ph01_Z01_C01,6.25107E+12,4.0,1.0,2.0,2.0,2.4285714285714284,3.0,0,0,3,1.0
2024-03-05,Ph01_Z01_C01,6.25107E+12,1.0,4.0,2.0,5.0,2.2857142857142856,2.7142857142857144,1,0,3,2.0
2024-03-06,Ph01_Z01_C01,6.25107E+12,2.0,1.0,2.0,2.0,2.2857142857142856,2.7142857142857144,2,0,3,1.0
2024-03-07,Ph01_Z01_C01,6.25107E+12,1.0,2.0,1.0,5.0,2.2857142857142856,2.4285714285714284,3,0,3,1.0
2024-03-08,Ph01_Z01_C01,6.25107E+12,1.0,1.0,4.0,1.0,1.8571428571428572,2.4285714285714284,4,0,3,0.0
2024-03-09,Ph01_Z01_C01,6.25107E+12,0.0,1.0,3.0,5.0,1.4285714285714286,2.0714285714285716,5,1,3,7.0
2024-03-10,Ph01_Z01_C01,6.25107E+12,7.0,0.0,1.0,5.0,2.2857142857142856,2.2142857142857144,6,1,3,4.0
2024-03-11,Ph01_Z01_C01,6.25107E+12,4.0,7.0,4.0,2.0,2.2857142857142856,2.357142857142857,0,0,3,0.0
2024-03-12,Ph01_Z01_C01,6.25107E+12,0.0,4.0,1.0,2.0,2.142857142857143,2.2142857142857144,1,0,3,2.0
2024-03-13,Ph01_Z01_C01,6.25107E+12,2.0,0.0,2.0,2.0,2.142857142857143,2.2142857142857144,2,0,3,0.0
2024-03-14,Ph01_Z01_C01,6.25107E+12,0.0,2.0,1.0,1.0,2.0,2.142857142857143,3,0,3,5.0
2024-03-15,Ph01_Z01_C01,6.25107E+12,5.0,0.0,1.0,4.0,2.5714285714285716,2.2142857142857144,4,0,3,6.0
2024-03-16,Ph01_Z01_C01,6.25107E+12,6.0,5.0,0.0,3.0,3.4285714285714284,2.4285714285714284,5,1,3,6.0
2024-03-17,Ph01_Z01_C01,6.25107E+12,6.0,6.0,7.0,1.0,3.2857142857142856,2.7857142857142856,6,1,3,6.0
2024-03-18,Ph01_Z01_C01,6.25107E+12,6.0,6.0,4.0,4.0,3.5714285714285716,2.9285714285714284,0,0,3,2.0
2024-03-19,Ph01_Z01_C01,6.25107E+12,2.0,6.0,0.0,1.0,3.857142857142857,3.0,1,0,3,3.0
2024-03-20,Ph01_Z01_C01,6.25107E+12,3.0,2.0,2.0,2.0,4.0,3.0714285714285716,2,0,3,8.0
2024-03-21,Ph01_Z01_C01,6.25107E+12,8.0,3.0,0.0,1.0,5.142857142857143,3.5714285714285716,3,0,3,2.0
2024-03-22,Ph01_Z01_C01,6.25107E+12,2.0,8.0,5.0,1.0,4.714285714285714,3.642857142857143,4,0,3,2.0
2024-03-23,Ph01_Z01_C01,6.25107E+12,2.0,2.0,6.0,0.0,4.142857142857143,3.7857142857142856,5,1,3,4.0
2024-03-24,Ph01_Z01_C01,6.25107E+12,4.0,2.0,6.0,7.0,3.857142857142857,3.5714285714285716,6,1,3,0.0
2024-03-25,Ph01_Z01_C01,6.25107E+12,0.0,4.0,6.0,4.0,3.0,3.2857142857142856,0,0,3,2.0
2024-03-26,Ph01_Z01_C01,6.25107E+12,2.0,0.0,2.0,0.0,3.0,3.4285714285714284,1,0,3,3.0
2024-03-27,Ph01_Z01_C01,6.25107E+12,3.0,2.0,3.0,2.0,3.0,3.5,2,0,3,2.0
2024-03-28,Ph01_Z01_C01,6.25107E+12,2.0,3.0,8.0,0.0,2.142857142857143,3.642857142857143,3,0,3,4.0
2024-03-29,Ph01_Z01_C01,6.25107E+12,4.0,2.0,2.0,5.0,2.4285714285714284,3.5714285714285716,4,0,3,2.0
2024-03-30,Ph01_Z01_C01,6.25107E+12,2.0,4.0,2.0,6.0,2.4285714285714284,3.2857142857142856,5,1,3,5.0
2024-03-31,Ph01_Z01_C01,6.25107E+12,5.0,2.0,4.0,6.0,2.5714285714285716,3.2142857142857144,6,1,3,3.0
2024-04-01,Ph01_Z01_C01,6.25107E+12,3.0,5.0,0.0,6.0,3.0,3.0,0,0,4,4.0
2024-04-02,Ph01_Z01_C01,6.25107E+12,4.0,3.0,2.0,2.0,3.2857142857142856,3.142857142857143,1,0,4,2.0
2024-04-03,Ph01_Z01_C01,6.25107E+12,2.0,4.0,3.0,3.0,3.142857142857143,3.0714285714285716,2,0,4,8.0
2024-04-04,Ph01_Z01_C01,6.25107E+12,8.0,2.0,2.0,8.0,4.0,3.0714285714285716,3,0,4,1.0
2024-04-05,Ph01_Z01_C01,6.25107E+12,1.0,8.0,4.0,2.0,3.5714285714285716,3.0,4,0,4,3.0
2024-04-06,Ph01_Z01_C01,6.25107E+12,3.0,1.0,2.0,2.0,3.7142857142857144,3.0714285714285716,5,1,4,3.0
2024-04-07,Ph01_Z01_C01,6.25107E+12,3.0,3.0,5.0,4.0,3.4285714285714284,3.0,6,1,4,5.0
2024-04-08,Ph01_Z01_C01,6.25107E+12,5.0,3.0,3.0,0.0,3.7142857142857144,3.357142857142857,0,0,4,4.0
2024-04-09,Ph01_Z01_C01,6.25107E+12,4.0,5.0,4.0,2.0,3.7142857142857144,3.5,1,0,4,1.0
2024-04-10,Ph01_Z01_C01,6.25107E+12,1.0,4.0,2.0,3.0,3.5714285714285716,3.357142857142857,2,0,4,0.0
2024-04-11,Ph01_Z01_C01,6.25107E+12,0.0,1.0,8.0,2.0,2.4285714285714284,3.2142857142857144,3,0,4,2.0
2024-04-12,Ph01_Z01_C01,6.25107E+12,2.0,0.0,1.0,4.0,2.5714285714285716,3.0714285714285716,4,0,4,3.0
2024-04-13,Ph01_Z01_C01,6.25107E+12,3.0,2.0,3.0,2.0,2.5714285714285716,3.142857142857143,5,1,4,3.0
2024-04-14,Ph01_Z01_C01,6.25107E+12,3.0,3.0,3.0,5.0,2.5714285714285716,3.0,6,1,4,2.0
2024-04-15,Ph01_Z01_C01,6.25107E+12,2.0,3.0,5.0,3.0,2.142857142857143,2.9285714285714284,0,0,4,1.0
2024-04-16,Ph01_Z01_C01,6.25107E+12,1.0,2.0,4.0,4.0,1.7142857142857142,2.7142857142857144,1,0,4,1.0
2024-04-17,Ph01_Z01_C01,6.25107E+12,1.0,1.0,1.0,2.0,1.7142857142857142,2.642857142857143,2,0,4,1.0
2024-04-18,Ph01_Z01_C01,6.25107E+12,1.0,1.0,0.0,8.0,1.8571428571428572,2.142857142857143,3,0,4,3.0
2024-04-19,Ph01_Z01_C01,6.25107E+12,3.0,1.0,2.0,1.0,2.0,2.2857142857142856,4,0,4,2.0
2024-04-20,Ph01_Z01_C01,6.25107E+12,2.0,3.0,3.0,3.0,1.8571428571428572,2.2142857142857144,5,1,4,2.0
2024-04-21,Ph01_Z01_C01,6.25107E+12,2.0,2.0,3.0,3.0,1.7142857142857142,2.142857142857143,6,1,4,4.0
2024-04-22,Ph01_Z01_C01,6.25107E+12,4.0,2.0,2.0,5.0,2.0,2.0714285714285716,0,0,4,2.0
2024-04-23,Ph01_Z01_C01,6.25107E+12,2.0,4.0,1.0,4.0,2.142857142857143,1.9285714285714286,1,0,4,4.0
2024-04-24,Ph01_Z01_C01,6.25107E+12,4.0,2.0,1.0,1.0,2.5714285714285716,2.142857142857143,2,0,4,1.0
2024-04-25,Ph01_Z01_C01,6.25107E+12,1.0,4.0,1.0,0.0,2.5714285714285716,2.2142857142857144,3,0,4,4.0
2024-04-26,Ph01_Z01_C01,6.25107E+12,4.0,1.0,3.0,2.0,2.7142857142857144,2.357142857142857,4,0,4,4.0
2024-04-27,Ph01_Z01_C01,6.25107E+12,4.0,4.0,2.0,3.0,3.0,2.4285714285714284,5,1,4,1.0
2024-04-28,Ph01_Z01_C01,6.25107E+12,1.0,4.0,2.0,3.0,2.857142857142857,2.2857142857142856,6,1,4,9.0
2024-04-29,Ph01_Z01_C01,6.25107E+12,9.0,1.0,4.0,2.0,3.5714285714285716,2.7857142857142856,0,0,4,2.0
2024-04-30,Ph01_Z01_C01,6.25107E+12,2.0,9.0,2.0,1.0,3.5714285714285716,2.857142857142857,1,0,4,3.0
2024-05-01,Ph01_Z01_C01,6.25107E+12,3.0,2.0,4.0,1.0,3.4285714285714284,3.0,2,0,5,3.0
2024-05-02,Ph01_Z01_C01,6.25107E+12,3.0,3.0,1.0,1.0,3.7142857142857144,3.142857142857143,3,0,5,1.0
2024-05-03,Ph01_Z01_C01,6.25107E+12,1.0,3.0,4.0,3.0,3.2857142857142856,3.0,4,0,5,2.0
2024-05-04,Ph01_Z01_C01,6.25107E+12,2.0,1.0,4.0,2.0,3.0,3.0,5,1,5,4.0
2024-05-05,Ph01_Z01_C01,6.25107E+12,4.0,2.0,1.0,2.0,3.4285714285714284,3.142857142857143,6,1,5,6.0
2024-05-06,Ph01_Z01_C01,6.25107E+12,6.0,4.0,9.0,4.0,3.0,3.2857142857142856,0,0,5,0.0
2024-05-07,Ph01_Z01_C01,6.25107E+12,0.0,6.0,2.0,2.0,2.7142857142857144,3.142857142857143,1,0,5,1.0
2024-05-08,Ph01_Z01_C01,6.25107E+12,1.0,0.0,3.0,4.0,2.4285714285714284,2.9285714285714284,2,0,5,2.0
2024-05-09,Ph01_Z01_C01,6.25107E+12,2.0,1.0,3.0,1.0,2.2857142857142856,3.0,3,0,5,4.0
2024-05-10,Ph01_Z01_C01,6.25107E+12,4.0,2.0,1.0,4.0,2.7142857142857144,3.0,4,0,5,2.0
2024-05-11,Ph01_Z01_C01,6.25107E+12,2.0,4.0,2.0,4.0,2.7142857142857144,2.857142857142857,5,1,5,2.0
2024-05-12,Ph01_Z01_C01,6.25107E+12,2.0,2.0,4.0,1.0,2.4285714285714284,2.9285714285714284,6,1,5,3.0
2024-05-13,Ph01_Z01_C01,6.25107E+12,3.0,2.0,6.0,9.0,2.0,2.5,0,0,5,1.0
2024-05-14,Ph01_Z01_C01,6.25107E+12,1.0,3.0,0.0,2.0,2.142857142857143,2.4285714285714284,1,0,5,6.0
2024-05-15,Ph01_Z01_C01,6.25107E+12,6.0,1.0,1.0,3.0,2.857142857142857,2.642857142857143,2,0,5,2.0
2024-05-16,Ph01_Z01_C01,6.25107E+12,2.0,6.0,2.0,3.0,2.857142857142857,2.5714285714285716,3,0,5,1.0
2024-05-17,Ph01_Z01_C01,6.25107E+12,1.0,2.0,4.0,1.0,2.4285714285714284,2.5714285714285716,4,0,5,1.0
2024-05-18,Ph01_Z01_C01,6.25107E+12,1.0,1.0,2.0,2.0,2.2857142857142856,2.5,5,1,5,0.0
2024-05-19,Ph01_Z01_C01,6.25107E+12,0.0,1.0,2.0,4.0,2.0,2.2142857142857144,6,1,5,0.0
2024-05-20,Ph01_Z01_C01,6.25107E+12,0.0,0.0,3.0,6.0,1.5714285714285714,1.7857142857142858,0,0,5,5.0
2024-05-21,Ph01_Z01_C01,6.25107E+12,5.0,0.0,1.0,0.0,2.142857142857143,2.142857142857143,1,0,5,1.0
2024-05-22,Ph01_Z01_C01,6.25107E+12,1.0,5.0,6.0,1.0,1.4285714285714286,2.142857142857143,2,0,5,4.0
2024-05-23,Ph01_Z01_C01,6.25107E+12,4.0,1.0,2.0,2.0,1.7142857142857142,2.2857142857142856,3,0,5,4.0
2024-05-24,Ph01_Z01_C01,6.25107E+12,4.0,4.0,1.0,4.0,2.142857142857143,2.2857142857142856,4,0,5,5.0
2024-05-25,Ph01_Z01_C01,6.25107E+12,5.0,4.0,1.0,2.0,2.7142857142857144,2.5,5,1,5,0.0
2024-05-26,Ph01_Z01_C01,6.25107E+12,0.0,5.0,0.0,2.0,2.7142857142857144,2.357142857142857,6,1,5,1.0
2024-05-27,Ph01_Z01_C01,6.25107E+12,1.0,0.0,0.0,3.0,2.857142857142857,2.2142857142857144,0,0,5,1.0
2024-05-28,Ph01_Z01_C01,6.25107E+12,1.0,1.0,5.0,1.0,2.2857142857142856,2.2142857142857144,1,0,5,2.0
2024-05-29,Ph01_Z01_C01,6.25107E+12,2.0,1.0,1.0,6.0,2.4285714285714284,1.9285714285714286,2,0,5,0.0
2024-05-30,Ph01_Z01_C01,6.25107E+12,0.0,2.0,4.0,2.0,1.8571428571428572,1.7857142857142858,3,0,5,3.0
2024-05-31,Ph01_Z01_C01,6.25107E+12,3.0,0.0,4.0,1.0,1.7142857142857142,1.9285714285714286,4,0,5,11.0
2024-06-01,Ph01_Z01_C01,6.25107E+12,11.0,3.0,5.0,1.0,2.5714285714285716,2.642857142857143,5,1,6,0.0
2024-06-02,Ph01_Z01_C01,6.25107E+12,0.0,11.0,0.0,0.0,2.5714285714285716,2.642857142857143,6,1,6,2.0
2024-06-03,Ph01_Z01_C01,6.25107E+12,2.0,0.0,1.0,0.0,2.7142857142857144,2.7857142857142856,0,0,6,1.0
2024-06-04,Ph01_Z01_C01,6.25107E+12,1.0,2.0,1.0,5.0,2.7142857142857144,2.5,1,0,6,6.0
2024-06-05,Ph01_Z01_C01,6.25107E+12,6.0,1.0,2.0,1.0,3.2857142857142856,2.857142857142857,2,0,6,4.0
2024-06-06,Ph01_Z01_C01,6.25107E+12,4.0,6.0,0.0,4.0,3.857142857142857,2.857142857142857,3,0,6,3.0
2024-06-07,Ph01_Z01_C01,6.25107E+12,3.0,4.0,3.0,4.0,3.857142857142857,2.7857142857142856,4,0,6,2.0
2024-06-08,Ph01_Z01_C01,6.25107E+12,2.0,3.0,11.0,5.0,2.5714285714285716,2.5714285714285716,5,1,6,4.0
2024-06-09,Ph01_Z01_C01,6.25107E+12,4.0,2.0,0.0,0.0,3.142857142857143,2.857142857142857,6,1,6,1.0
2024-06-10,Ph01_Z01_C01,6.25107E+12,1.0,4.0,2.0,1.0,3.0,2.857142857142857,0,0,6,6.0
2024-06-11,Ph01_Z01_C01,6.25107E+12,6.0,1.0,1.0,1.0,3.7142857142857144,3.2142857142857144,1,0,6,4.0
2024-06-12,Ph01_Z01_C01,6.25107E+12,4.0,6.0,6.0,2.0,3.4285714285714284,3.357142857142857,2,0,6,1.0
2024-06-13,Ph01_Z01_C01,6.25107E+12,1.0,4.0,4.0,0.0,3.0,3.4285714285714284,3,0,6,1.0
2024-06-14,Ph01_Z01_C01,6.25107E+12,1.0,1.0,3.0,3.0,2.7142857142857144,3.2857142857142856,4,0,6,5.0
2024-06-15,Ph01_Z01_C01,6.25107E+12,5.0,1.0,2.0,11.0,3.142857142857143,2.857142857142857,5,1,6,2.0
2024-06-16,Ph01_Z01_C01,6.25107E+12,2.0,5.0,4.0,0.0,2.857142857142857,3.0,6,1,6,4.0
2024-06-17,Ph01_Z01_C01,6.25107E+12,4.0,2.0,1.0,2.0,3.2857142857142856,3.142857142857143,0,0,6,4.0
2024-06-18,Ph01_Z01_C01,6.25107E+12,4.0,4.0,6.0,1.0,3.0,3.357142857142857,1,0,6,0.0
2024-06-19,Ph01_Z01_C01,6.25107E+12,0.0,4.0,4.0,6.0,2.4285714285714284,2.9285714285714284,2,0,6,2.0
2024-06-20,Ph01_Z01_C01,6.25107E+12,2.0,0.0,1.0,4.0,2.5714285714285716,2.7857142857142856,3,0,6,3.0
2024-06-21,Ph01_Z01_C01,6.25107E+12,3.0,2.0,1.0,3.0,2.857142857142857,2.7857142857142856,4,0,6,2.0
2024-06-22,Ph01_Z01_C01,6.25107E+12,2.0,3.0,5.0,2.0,2.4285714285714284,2.7857142857142856,5,1,6,3.0
2024-06-23,Ph01_Z01_C01,6.25107E+12,3.0,2.0,2.0,4.0,2.5714285714285716,2.7142857142857144,6,1,6,1.0
2024-06-24,Ph01_Z01_C01,6.25107E+12,1.0,3.0,4.0,1.0,2.142857142857143,2.7142857142857144,0,0,6,0.0
2024-06-25,Ph01_Z01_C01,6.25107E+12,0.0,1.0,4.0,6.0,1.5714285714285714,2.2857142857142856,1,0,6,6.0
2024-06-26,Ph01_Z01_C01,6.25107E+12,6.0,0.0,0.0,4.0,2.4285714285714284,2.4285714285714284,2,0,6,4.0
2024-06-27,Ph01_Z01_C01,6.25107E+12,4.0,6.0,2.0,1.0,2.7142857142857144,2.642857142857143,3,0,6,1.0
2024-06-28,Ph01_Z01_C01,6.25107E+12,1.0,4.0,3.0,1.0,2.4285714285714284,2.642857142857143,4,0,6,4.0
2024-06-29,Ph01_Z01_C01,6.25107E+12,4.0,1.0,2.0,5.0,2.7142857142857144,2.5714285714285716,5,1,6,2.0
2024-06-30,Ph01_Z01_C01,6.25107E+12,2.0,4.0,3.0,2.0,2.5714285714285716,2.5714285714285716,6,1,6,4.0
2024-07-01,Ph01_Z01_C01,6.25107E+12,4.0,2.0,1.0,4.0,3.0,2.5714285714285716,0,0,7,1.0
2024-07-02,Ph01_Z01_C01,6.25107E+12,1.0,4.0,0.0,4.0,3.142857142857143,2.357142857142857,1,0,7,1.0
2024-07-03,Ph01_Z01_C01,6.25107E+12,1.0,1.0,6.0,0.0,2.4285714285714284,2.4285714285714284,2,0,7,7.0
2024-07-04,Ph01_Z01_C01,6.25107E+12,7.0,1.0,4.0,2.0,2.857142857142857,2.7857142857142856,3,0,7,2.0
2024-07-05,Ph01_Z01_C01,6.25107E+12,2.0,7.0,1.0,3.0,3.0,2.7142857142857144,4,0,7,4.0
2024-07-06,Ph01_Z01_C01,6.25107E+12,4.0,2.0,4.0,2.0,3.0,2.857142857142857,5,1,7,1.0
2024-07-07,Ph01_Z01_C01,6.25107E+12,1.0,4.0,2.0,3.0,2.857142857142857,2.7142857142857144,6,1,7,0.0
2024-07-08,Ph01_Z01_C01,6.25107E+12,0.0,1.0,4.0,1.0,2.2857142857142856,2.642857142857143,0,0,7,9.0
2024-07-09,Ph01_Z01_C01,6.25107E+12,9.0,0.0,1.0,0.0,3.4285714285714284,3.2857142857142856,1,0,7,1.0
2024-07-10,Ph01_Z01_C01,6.25107E+12,1.0,9.0,1.0,6.0,3.4285714285714284,2.9285714285714284,2,0,7,3.0
2024-07-11,Ph01_Z01_C01,6.25107E+12,3.0,1.0,7.0,4.0,2.857142857142857,2.857142857142857,3,0,7,2.0
2024-07-12,Ph01_Z01_C01,6.25107E+12,2.0,3.0,2.0,1.0,2.857142857142857,2.9285714285714284,4,0,7,3.0
2024-07-13,Ph01_Z01_C01,6.25107E+12,3.0,2.0,4.0,4.0,2.7142857142857144,2.857142857142857,5,1,7,8.0
2024-07-14,Ph01_Z01_C01,6.25107E+12,8.0,3.0,1.0,2.0,3.7142857142857144,3.2857142857142856,6,1,7,5.0
2024-07-15,Ph01_Z01_C01,6.25107E+12,5.0,8.0,0.0,4.0,4.428571428571429,3.357142857142857,0,0,7,2.0
2024-07-16,Ph01_Z01_C01,6.25107E+12,2.0,5.0,9.0,1.0,3.4285714285714284,3.4285714285714284,1,0,7,2.0
2024-07-17,Ph01_Z01_C01,6.25107E+12,2.0,2.0,1.0,1.0,3.5714285714285716,3.5,2,0,7,3.0
2024-07-18,Ph01_Z01_C01,6.25107E+12,3.0,2.0,3.0,7.0,3.5714285714285716,3.2142857142857144,3,0,7,1.0
2024-07-19,Ph01_Z01_C01,6.25107E+12,1.0,3.0,2.0,2.0,3.4285714285714284,3.142857142857143,4,0,7,3.0
2024-07-20,Ph01_Z01_C01,6.25107E+12,3.0,1.0,3.0,4.0,3.4285714285714284,3.0714285714285716,5,1,7,0.0
2024-07-21,Ph01_Z01_C01,6.25107E+12,0.0,3.0,8.0,1.0,2.2857142857142856,3.0,6,1,7,4.0
2024-07-22,Ph01_Z01_C01,6.25107E+12,4.0,0.0,5.0,0.0,2.142857142857143,3.2857142857142856,0,0,7,2.0
2024-07-23,Ph01_Z01_C01,6.25107E+12,2.0,4.0,2.0,9.0,2.142857142857143,2.7857142857142856,1,0,7,2.0
2024-07-24,Ph01_Z01_C01,6.25107E+12,2.0,2.0,2.0,1.0,2.142857142857143,2.857142857142857,2,0,7,1.0
2024-07-25,Ph01_Z01_C01,6.25107E+12,1.0,2.0,3.0,3.0,1.8571428571428572,2.7142857142857144,3,0,7,7.0
2024-07-26,Ph01_Z01_C01,6.25107E+12,7.0,1.0,1.0,2.0,2.7142857142857144,3.0714285714285716,4,0,7,1.0
2024-07-27,Ph01_Z01_C01,6.25107E+12,1.0,7.0,3.0,3.0,2.4285714285714284,2.9285714285714284,5,1,7,1.0
2024-07-28,Ph01_Z01_C01,6.25107E+12,1.0,1.0,0.0,8.0,2.5714285714285716,2.4285714285714284,6,1,7,4.0
2024-07-29,Ph01_Z01_C01,6.25107E+12,4.0,1.0,4.0,5.0,2.5714285714285716,2.357142857142857,0,0,7,3.0
2024-07-30,Ph01_Z01_C01,6.25107E+12,3.0,4.0,2.0,2.0,2.7142857142857144,2.4285714285714284,1,0,7,3.0
2024-07-31,Ph01_Z01_C01,6.25107E+12,3.0,3.0,2.0,2.0,2.857142857142857,2.5,2,0,7,3.0
2024-08-01,Ph01_Z01_C01,6.25107E+12,3.0,3.0,1.0,3.0,3.142857142857143,2.5,3,0,8,2.0
2024-08-02,Ph01_Z01_C01,6.25107E+12,2.0,3.0,7.0,1.0,2.4285714285714284,2.5714285714285716,4,0,8,0.0
2024-08-03,Ph01_Z01_C01,6.25107E+12,0.0,2.0,1.0,3.0,2.2857142857142856,2.357142857142857,5,1,8,2.0
2024-08-04,Ph01_Z01_C01,6.25107E+12,2.0,0.0,1.0,0.0,2.4285714285714284,2.5,6,1,8,9.0
2024-08-05,Ph01_Z01_C01,6.25107E+12,9.0,2.0,4.0,4.0,3.142857142857143,2.857142857142857,0,0,8,1.0
2024-08-06,Ph01_Z01_C01,6.25107E+12,1.0,9.0,3.0,2.0,2.857142857142857,2.7857142857142856,1,0,8,3.0
2024-08-07,Ph01_Z01_C01,6.25107E+12,3.0,1.0,3.0,2.0,2.857142857142857,2.857142857142857,2,0,8,0.0
2024-08-08,Ph01_Z01_C01,6.25107E+12,0.0,3.0,3.0,1.0,2.4285714285714284,2.7857142857142856,3,0,8,5.0
2024-08-09,Ph01_Z01_C01,6.25107E+12,5.0,0.0,2.0,7.0,2.857142857142857,2.642857142857143,4,0,8,2.0
2024-08-10,Ph01_Z01_C01,6.25107E+12,2.0,5.0,0.0,1.0,3.142857142857143,2.7142857142857144,5,1,8,1.0
2024-08-11,Ph01_Z01_C01,6.25107E+12,1.0,2.0,2.0,1.0,3.0,2.7142857142857144,6,1,8,4.0
2024-08-12,Ph01_Z01_C01,6.25107E+12,4.0,1.0,9.0,4.0,2.2857142857142856,2.7142857142857144,0,0,8,0.0
2024-08-13,Ph01_Z01_C01,6.25107E+12,0.0,4.0,1.0,3.0,2.142857142857143,2.5,1,0,8,3.0
2024-08-14,Ph01_Z01_C01,6.25107E+12,3.0,0.0,3.0,3.0,2.142857142857143,2.5,2,0,8,1.0
2024-08-15,Ph01_Z01_C01,6.25107E+12,1.0,3.0,0.0,3.0,2.2857142857142856,2.357142857142857,3,0,8,5.0
2024-08-16,Ph01_Z01_C01,6.25107E+12,5.0,1.0,5.0,2.0,2.2857142857142856,2.5714285714285716,4,0,8,1.0
2024-08-17,Ph01_Z01_C01,6.25107E+12,1.0,5.0,2.0,0.0,2.142857142857143,2.642857142857143,5,1,8,3.0
2024-08-18,Ph01_Z01_C01,6.25107E+12,3.0,1.0,1.0,2.0,2.4285714285714284,2.7142857142857144,6,1,8,4.0
2024-08-19,Ph01_Z01_C01,6.25107E+12,4.0,3.0,4.0,9.0,2.4285714285714284,2.357142857142857,0,0,8,1.0
2024-08-20,Ph01_Z01_C01,6.25107E+12,1.0,4.0,0.0,1.0,2.5714285714285716,2.357142857142857,1,0,8,3.0
2024-08-21,Ph01_Z01_C01,6.25107E+12,3.0,1.0,3.0,3.0,2.5714285714285716,2.357142857142857,2,0,8,3.0
2024-08-22,Ph01_Z01_C01,6.25107E+12,3.0,3.0,1.0,0.0,2.857142857142857,2.5714285714285716,3,0,8,0.0
2024-08-23,Ph01_Z01_C01,6.25107E+12,0.0,3.0,5.0,5.0,2.142857142857143,2.2142857142857144,4,0,8,10.0
2024-08-24,Ph01_Z01_C01,6.25107E+12,10.0,0.0,1.0,2.0,3.4285714285714284,2.7857142857142856,5,1,8,3.0
2024-08-25,Ph01_Z01_C01,6.25107E+12,3.0,10.0,3.0,1.0,3.4285714285714284,2.9285714285714284,6,1,8,0.0
2024-08-26,Ph01_Z01_C01,6.25107E+12,0.0,3.0,4.0,4.0,2.857142857142857,2.642857142857143,0,0,8,8.0
2024-08-27,Ph01_Z01_C01,6.25107E+12,8.0,0.0,1.0,0.0,3.857142857142857,3.2142857142857144,1,0,8,4.0
2024-08-28,Ph01_Z01_C01,6.25107E+12,4.0,8.0,3.0,3.0,4.0,3.2857142857142856,2,0,8,13.0
2024-08-29,Ph01_Z01_C01,6.25107E+12,13.0,4.0,3.0,1.0,5.428571428571429,4.142857142857143,3,0,8,0.0
2024-08-30,Ph01_Z01_C01,6.25107E+12,0.0,13.0,0.0,5.0,5.428571428571429,3.7857142857142856,4,0,8,5.0
2024-08-31,Ph01_Z01_C01,6.25107E+12,5.0,0.0,10.0,1.0,4.714285714285714,4.071428571428571,5,1,8,3.0
2024-09-01,Ph01_Z01_C01,6.25107E+12,3.0,5.0,3.0,3.0,4.714285714285714,4.071428571428571,6,1,9,3.0
2024-09-02,Ph01_Z01_C01,6.25107E+12,3.0,3.0,0.0,4.0,5.142857142857143,4.0,0,0,9,2.0
2024-09-03,Ph01_Z01_C01,6.25107E+12,2.0,3.0,8.0,1.0,4.285714285714286,4.071428571428571,1,0,9,1.0
2024-09-04,Ph01_Z01_C01,6.25107E+12,1.0,2.0,4.0,3.0,3.857142857142857,3.9285714285714284,2,0,9,4.0
2024-09-05,Ph01_Z01_C01,6.25107E+12,4.0,1.0,13.0,3.0,2.5714285714285716,4.0,3,0,9,5.0
2024-09-06,Ph01_Z01_C01,6.25107E+12,5.0,4.0,0.0,0.0,3.2857142857142856,4.357142857142857,4,0,9,0.0
2024-09-07,Ph01_Z01_C01,6.25107E+12,0.0,5.0,5.0,10.0,2.5714285714285716,3.642857142857143,5,1,9,1.0
2024-09-08,Ph01_Z01_C01,6.25107E+12,1.0,0.0,3.0,3.0,2.2857142857142856,3.5,6,1,9,6.0
2024-09-09,Ph01_Z01_C01,6.25107E+12,6.0,1.0,3.0,0.0,2.7142857142857144,3.9285714285714284,0,0,9,5.0
2024-09-10,Ph01_Z01_C01,6.25107E+12,5.0,6.0,2.0,8.0,3.142857142857143,3.7142857142857144,1,0,9,3.0
2024-09-11,Ph01_Z01_C01,6.25107E+12,3.0,5.0,1.0,4.0,3.4285714285714284,3.642857142857143,2,0,9,4.0
2024-09-12,Ph01_Z01_C01,6.25107E+12,4.0,3.0,4.0,13.0,3.4285714285714284,3.0,3,0,9,0.0
2024-09-13,Ph01_Z01_C01,6.25107E+12,0.0,4.0,5.0,0.0,2.7142857142857144,3.0,4,0,9,4.0
2024-09-14,Ph01_Z01_C01,6.25107E+12,4.0,0.0,0.0,5.0,3.2857142857142856,2.9285714285714284,5,1,9,5.0
2024-09-15,Ph01_Z01_C01,6.25107E+12,5.0,4.0,1.0,3.0,3.857142857142857,3.0714285714285716,6,1,9,1.0
2024-09-16,Ph01_Z01_C01,6.25107E+12,1.0,5.0,6.0,3.0,3.142857142857143,2.9285714285714284,0,0,9,3.0
2024-09-17,Ph01_Z01_C01,6.25107E+12,3.0,1.0,5.0,2.0,2.857142857142857,3.0,1,0,9,2.0
2024-09-18,Ph01_Z01_C01,6.25107E+12,2.0,3.0,3.0,1.0,2.7142857142857144,3.0714285714285716,2,0,9,3.0
2024-09-19,Ph01_Z01_C01,6.25107E+12,3.0,2.0,4.0,4.0,2.5714285714285716,3.0,3,0,9,2.0
2024-09-20,Ph01_Z01_C01,6.25107E+12,2.0,3.0,0.0,5.0,2.857142857142857,2.7857142857142856,4,0,9,2.0
2024-09-21,Ph01_Z01_C01,6.25107E+12,2.0,2.0,4.0,0.0,2.5714285714285716,2.9285714285714284,5,1,9,4.0
2024-09-22,Ph01_Z01_C01,6.25107E+12,4.0,2.0,5.0,1.0,2.4285714285714284,3.142857142857143,6,1,9,4.0
2024-09-23,Ph01_Z01_C01,6.25107E+12,4.0,4.0,1.0,6.0,2.857142857142857,3.0,0,0,9,2.0
2024-09-24,Ph01_Z01_C01,6.25107E+12,2.0,4.0,3.0,5.0,2.7142857142857144,2.7857142857142856,1,0,9,1.0
2024-09-25,Ph01_Z01_C01,6.25107E+12,1.0,2.0,2.0,3.0,2.5714285714285716,2.642857142857143,2,0,9,10.0
2024-09-26,Ph01_Z01_C01,6.25107E+12,10.0,1.0,3.0,4.0,3.5714285714285716,3.0714285714285716,3,0,9,3.0
2024-09-27,Ph01_Z01_C01,6.25107E+12,3.0,10.0,2.0,0.0,3.7142857142857144,3.2857142857142856,4,0,9,2.0
2024-09-28,Ph01_Z01_C01,6.25107E+12,2.0,3.0,2.0,4.0,3.7142857142857144,3.142857142857143,5,1,9,4.0
2024-09-29,Ph01_Z01_C01,6.25107E+12,4.0,2.0,4.0,5.0,3.7142857142857144,3.0714285714285716,6,1,9,1.0
2024-09-30,Ph01_Z01_C01,6.25107E+12,1.0,4.0,4.0,1.0,3.2857142857142856,3.0714285714285716,0,0,9,5.0
2024-10-01,Ph01_Z01_C01,6.25107E+12,5.0,1.0,2.0,3.0,3.7142857142857144,3.2142857142857144,1,0,10,2.0
2024-10-02,Ph01_Z01_C01,6.25107E+12,2.0,5.0,1.0,2.0,3.857142857142857,3.2142857142857144,2,0,10,2.0
2024-10-03,Ph01_Z01_C01,6.25107E+12,2.0,2.0,10.0,3.0,2.7142857142857144,3.142857142857143,3,0,10,4.0
2024-10-04,Ph01_Z01_C01,6.25107E+12,4.0,2.0,3.0,2.0,2.857142857142857,3.2857142857142856,4,0,10,4.0
2024-10-05,Ph01_Z01_C01,6.25107E+12,4.0,4.0,2.0,2.0,3.142857142857143,3.4285714285714284,5,1,10,6.0
2024-10-06,Ph01_Z01_C01,6.25107E+12,6.0,4.0,4.0,4.0,3.4285714285714284,3.5714285714285716,6,1,10,2.0
2024-10-07,Ph01_Z01_C01,6.25107E+12,2.0,6.0,1.0,4.0,3.5714285714285716,3.4285714285714284,0,0,10,3.0
2024-10-08,Ph01_Z01_C01,6.25107E+12,3.0,2.0,5.0,2.0,3.2857142857142856,3.5,1,0,10,1.0
2024-10-09,Ph01_Z01_C01,6.25107E+12,1.0,3.0,2.0,1.0,3.142857142857143,3.5,2,0,10,5.0
2024-10-10,Ph01_Z01_C01,6.25107E+12,5.0,1.0,2.0,10.0,3.5714285714285716,3.142857142857143,3,0,10,4.0
2024-10-11,Ph01_Z01_C01,6.25107E+12,4.0,5.0,4.0,3.0,3.5714285714285716,3.2142857142857144,4,0,10,2.0
2024-10-12,Ph01_Z01_C01,6.25107E+12,2.0,4.0,4.0,2.0,3.2857142857142856,3.2142857142857144,5,1,10,0.0
2024-10-13,Ph01_Z01_C01,6.25107E+12,0.0,2.0,6.0,4.0,2.4285714285714284,2.9285714285714284,6,1,10,3.0
2024-10-14,Ph01_Z01_C01,6.25107E+12,3.0,0.0,2.0,1.0,2.5714285714285716,3.0714285714285716,0,0,10,2.0
2024-10-15,Ph01_Z01_C01,6.25107E+12,2.0,3.0,3.0,5.0,2.4285714285714284,2.857142857142857,1,0,10,2.0
2024-10-16,Ph01_Z01_C01,6.25107E+12,2.0,2.0,1.0,2.0,2.5714285714285716,2.857142857142857,2,0,10,14.0
2024-10-17,Ph01_Z01_C01,6.25107E+12,14.0,2.0,5.0,2.0,3.857142857142857,3.7142857142857144,3,0,10,3.0
2024-10-18,Ph01_Z01_C01,6.25107E+12,3.0,14.0,4.0,4.0,3.7142857142857144,3.642857142857143,4,0,10,4.0
2024-10-19,Ph01_Z01_C01,6.25107E+12,4.0,3.0,2.0,4.0,4.0,3.642857142857143,5,1,10,4.0
2024-10-20,Ph01_Z01_C01,6.25107E+12,4.0,4.0,0.0,6.0,4.571428571428571,3.5,6,1,10,0.0
2024-10-21,Ph01_Z01_C01,6.25107E+12,0.0,4.0,3.0,2.0,4.142857142857143,3.357142857142857,0,0,10,1.0
2024-10-22,Ph01_Z01_C01,6.25107E+12,1.0,0.0,2.0,3.0,4.0,3.2142857142857144,1,0,10,11.0
2024-10-23,Ph01_Z01_C01,6.25107E+12,11.0,1.0,2.0,1.0,5.285714285714286,3.9285714285714284,2,0,10,3.0
2024-10-24,Ph01_Z01_C01,6.25107E+12,3.0,11.0,14.0,5.0,3.7142857142857144,3.7857142857142856,3,0,10,2.0
2024-10-25,Ph01_Z01_C01,6.25107E+12,2.0,3.0,3.0,4.0,3.5714285714285716,3.642857142857143,4,0,10,4.0
2024-10-26,Ph01_Z01_C01,6.25107E+12,4.0,2.0,4.0,2.0,3.5714285714285716,3.7857142857142856,5,1,10,3.0
2024-10-27,Ph01_Z01_C01,6.25107E+12,3.0,4.0,4.0,0.0,3.4285714285714284,4.0,6,1,10,1.0
2024-10-28,Ph01_Z01_C01,6.25107E+12,1.0,3.0,0.0,3.0,3.5714285714285716,3.857142857142857,0,0,10,4.0
2024-10-29,Ph01_Z01_C01,6.25107E+12,4.0,1.0,1.0,2.0,4.0,4.0,1,0,10,3.0
2024-10-30,Ph01_Z01_C01,6.25107E+12,3.0,4.0,11.0,2.0,2.857142857142857,4.071428571428571,2,0,10,0.0
2024-10-31,Ph01_Z01_C01,6.25107E+12,0.0,3.0,3.0,14.0,2.4285714285714284,3.0714285714285716,3,0,10,2.0
2024-01-01,Ph01_Z01_C01,6.25111E+12,3.0,0.0,0.0,0.0,3.0,3.0,0,0,1,2.0
2024-01-02,Ph01_Z01_C01,6.25111E+12,2.0,3.0,0.0,0.0,2.5,2.5,1,0,1,0.0
2024-01-03,Ph01_Z01_C01,6.25111E+12,0.0,2.0,0.0,0.0,1.6666666666666667,1.6666666666666667,2,0,1,2.0
2024-01-04,Ph01_Z01_C01,6.25111E+12,2.0,0.0,0.0,0.0,1.75,1.75,3,0,1,1.0
2024-01-05,Ph01_Z01_C01,6.25111E+12,1.0,2.0,0.0,0.0,1.6,1.6,4,0,1,0.0
2024-01-06,Ph01_Z01_C01,6.25111E+12,0.0,1.0,0.0,0.0,1.3333333333333333,1.3333333333333333,5,1,1,1.0
2024-01-07,Ph01_Z01_C01,6.25111E+12,1.0,0.0,0.0,0.0,1.2857142857142858,1.2857142857142858,6,1,1,1.0
2024-01-08,Ph01_Z01_C01,6.25111E+12,1.0,1.0,3.0,0.0,1.0,1.25,0,0,1,0.0
2024-01-09,Ph01_Z01_C01,6.25111E+12,0.0,1.0,2.0,0.0,0.7142857142857143,1.1111111111111112,1,0,1,1.0
2024-01-10,Ph01_Z01_C01,6.25111E+12,1.0,0.0,0.0,0.0,0.8571428571428571,1.1,2,0,1,0.0
2024-01-11,Ph01_Z01_C01,6.25111E+12,0.0,1.0,2.0,0.0,0.5714285714285714,1.0,3,0,1,1.0
2024-01-12,Ph01_Z01_C01,6.25111E+12,1.0,0.0,1.0,0.0,0.5714285714285714,1.0,4,0,1,0.0
2024-01-13,Ph01_Z01_C01,6.25111E+12,0.0,1.0,0.0,0.0,0.5714285714285714,0.9230769230769231,5,1,1,5.0
2024-01-14,Ph01_Z01_C01,6.25111E+12,5.0,0.0,1.0,0.0,1.1428571428571428,1.2142857142857142,6,1,1,0.0
2024-01-15,Ph01_Z01_C01,6.25111E+12,0.0,5.0,1.0,3.0,1.0,1.0,0,0,1,3.0
2024-01-16,Ph01_Z01_C01,6.25111E+12,3.0,0.0,0.0,2.0,1.4285714285714286,1.0714285714285714,1,0,1,5.0
2024-01-17,Ph01_Z01_C01,6.25111E+12,5.0,3.0,1.0,0.0,2.0,1.4285714285714286,2,0,1,0.0
2024-01-18,Ph01_Z01_C01,6.25111E+12,0.0,5.0,0.0,2.0,2.0,1.2857142857142858,3,0,1,1.0
2024-01-19,Ph01_Z01_C01,6.25111E+12,1.0,0.0,1.0,1.0,2.0,1.2857142857142858,4,0,1,0.0
2024-01-20,Ph01_Z01_C01,6.25111E+12,0.0,1.0,0.0,0.0,2.0,1.2857142857142858,5,1,1,1.0
2024-01-21,Ph01_Z01_C01,6.25111E+12,1.0,0.0,5.0,1.0,1.4285714285714286,1.2857142857142858,6,1,1,1.0
2024-01-22,Ph01_Z01_C01,6.25111E+12,1.0,1.0,0.0,1.0,1.5714285714285714,1.2857142857142858,0,0,1,2.0
2024-01-23,Ph01_Z01_C01,6.25111E+12,2.0,1.0,3.0,0.0,1.4285714285714286,1.4285714285714286,1,0,1,1.0
2024-01-24,Ph01_Z01_C01,6.25111E+12,1.0,2.0,5.0,1.0,0.8571428571428571,1.4285714285714286,2,0,1,4.0
2024-01-25,Ph01_Z01_C01,6.25111E+12,4.0,1.0,0.0,0.0,1.4285714285714286,1.7142857142857142,3,0,1,4.0
2024-01-26,Ph01_Z01_C01,6.25111E+12,4.0,4.0,1.0,1.0,1.8571428571428572,1.9285714285714286,4,0,1,2.0
2024-01-27,Ph01_Z01_C01,6.25111E+12,2.0,4.0,0.0,0.0,2.142857142857143,2.0714285714285716,5,1,1,1.0
2024-01-28,Ph01_Z01_C01,6.25111E+12,1.0,2.0,1.0,5.0,2.142857142857143,1.7857142857142858,6,1,1,2.0
2024-01-29,Ph01_Z01_C01,6.25111E+12,2.0,1.0,1.0,0.0,2.2857142857142856,1.9285714285714286,0,0,1,1.0
2024-01-30,Ph01_Z01_C01,6.25111E+12,1.0,2.0,2.0,3.0,2.142857142857143,1.7857142857142858,1,0,1,1.0
2024-01-31,Ph01_Z01_C01,6.25111E+12,1.0,1.0,1.0,5.0,2.142857142857143,1.5,2,0,1,1.0
2024-02-01,Ph01_Z01_C01,6.25111E+12,1.0,1.0,4.0,0.0,1.7142857142857142,1.5714285714285714,3,0,2,1.0
2024-02-02,Ph01_Z01_C01,6.25111E+12,1.0,1.0,4.0,1.0,1.2857142857142858,1.5714285714285714,4,0,2,0.0
2024-02-03,Ph01_Z01_C01,6.25111E+12,0.0,1.0,2.0,0.0,1.0,1.5714285714285714,5,1,2,5.0
2024-02-04,Ph01_Z01_C01,6.25111E+12,5.0,0.0,1.0,1.0,1.5714285714285714,1.8571428571428572,6,1,2,1.0
2024-02-05,Ph01_Z01_C01,6.25111E+12,1.0,5.0,2.0,1.0,1.4285714285714286,1.8571428571428572,0,0,2,0.0
2024-02-06,Ph01_Z01_C01,6.25111E+12,0.0,1.0,1.0,2.0,1.2857142857142858,1.7142857142857142,1,0,2,1.0
2024-02-07,Ph01_Z01_C01,6.25111E+12,1.0,0.0,1.0,1.0,1.2857142857142858,1.7142857142857142,2,0,2,2.0
2024-02-08,Ph01_Z01_C01,6.25111E+12,2.0,1.0,1.0,4.0,1.4285714285714286,1.5714285714285714,3,0,2,1.0
2024-02-09,Ph01_Z01_C01,6.25111E+12,1.0,2.0,1.0,4.0,1.4285714285714286,1.3571428571428572,4,0,2,1.0
2024-02-10,Ph01_Z01_C01,6.25111E+12,1.0,1.0,0.0,2.0,1.5714285714285714,1.2857142857142858,5,1,2,2.0
2024-02-11,Ph01_Z01_C01,6.25111E+12,2.0,1.0,5.0,1.0,1.1428571428571428,1.3571428571428572,6,1,2,0.0
2024-02-12,Ph01_Z01_C01,6.25111E+12,0.0,2.0,1.0,2.0,1.0,1.2142857142857142,0,0,2,5.0
2024-02-13,Ph01_Z01_C01,6.25111E+12,5.0,0.0,0.0,1.0,1.7142857142857142,1.5,1,0,2,1.0
2024-02-14,Ph01_Z01_C01,6.25111E+12,1.0,5.0,1.0,1.0,1.7142857142857142,1.5,2,0,2,3.0
2024-02-15,Ph01_Z01_C01,6.25111E+12,3.0,1.0,2.0,1.0,1.8571428571428572,1.6428571428571428,3,0,2,1.0
2024-02-16,Ph01_Z01_C01,6.25111E+12,1.0,3.0,1.0,1.0,1.8571428571428572,1.6428571428571428,4,0,2,2.0
2024-02-17,Ph01_Z01_C01,6.25111E+12,2.0,1.0,1.0,0.0,2.0,1.7857142857142858,5,1,2,3.0
2024-02-18,Ph01_Z01_C01,6.25111E+12,3.0,2.0,2.0,5.0,2.142857142857143,1.6428571428571428,6,1,2,0.0
2024-02-19,Ph01_Z01_C01,6.25111E+12,0.0,3.0,0.0,1.0,2.142857142857143,1.5714285714285714,0,0,2,3.0
2024-02-20,Ph01_Z01_C01,6.25111E+12,3.0,0.0,5.0,0.0,1.8571428571428572,1.7857142857142858,1,0,2,3.0
2024-02-21,Ph01_Z01_C01,6.25111E+12,3.0,3.0,1.0,1.0,2.142857142857143,1.9285714285714286,2,0,2,1.0
2024-02-22,Ph01_Z01_C01,6.25111E+12,1.0,3.0,3.0,2.0,1.8571428571428572,1.8571428571428572,3,0,2,1.0
2024-02-23,Ph01_Z01_C01,6.25111E+12,1.0,1.0,1.0,1.0,1.8571428571428572,1.8571428571428572,4,0,2,0.0
2024-02-24,Ph01_Z01_C01,6.25111E+12,0.0,1.0,2.0,1.0,1.5714285714285714,1.7857142857142858,5,1,2,1.0
2024-02-25,Ph01_Z01_C01,6.25111E+12,1.0,0.0,3.0,2.0,1.2857142857142858,1.7142857142857142,6,1,2,1.0
2024-02-26,Ph01_Z01_C01,6.25111E+12,1.0,1.0,0.0,0.0,1.4285714285714286,1.7857142857142858,0,0,2,0.0
2024-02-27,Ph01_Z01_C01,6.25111E+12,0.0,1.0,3.0,5.0,1.0,1.4285714285714286,1,0,2,0.0
2024-02-28,Ph01_Z01_C01,6.25111E+12,0.0,0.0,3.0,1.0,0.5714285714285714,1.3571428571428572,2,0,2,0.0
2024-02-29,Ph01_Z01_C01,6.25111E+12,0.0,0.0,1.0,3.0,0.42857142857142855,1.1428571428571428,3,0,2,3.0
2024-03-01,Ph01_Z01_C01,6.25111E+12,3.0,0.0,1.0,1.0,0.7142857142857143,1.2857142857142858,4,0,3,3.0
2024-03-02,Ph01_Z01_C01,6.25111E+12,3.0,3.0,0.0,2.0,1.1428571428571428,1.3571428571428572,5,1,3,0.0
2024-03-03,Ph01_Z01_C01,6.25111E+12,0.0,3.0,1.0,3.0,1.0,1.1428571428571428,6,1,3,1.0
2024-03-04,Ph01_Z01_C01,6.25111E+12,1.0,0.0,1.0,0.0,1.0,1.2142857142857142,0,0,3,1.0
2024-03-05,Ph01_Z01_C01,6.25111E+12,1.0,1.0,0.0,3.0,1.1428571428571428,1.0714285714285714,1,0,3,0.0
2024-03-06,Ph01_Z01_C01,6.25111E+12,0.0,1.0,0.0,3.0,1.1428571428571428,0.8571428571428571,2,0,3,1.0
2024-03-07,Ph01_Z01_C01,6.25111E+12,1.0,0.0,0.0,1.0,1.2857142857142858,0.8571428571428571,3,0,3,1.0
2024-03-08,Ph01_Z01_C01,6.25111E+12,1.0,1.0,3.0,1.0,1.0,0.8571428571428571,4,0,3,0.0
2024-03-09,Ph01_Z01_C01,6.25111E+12,0.0,1.0,3.0,0.0,0.5714285714285714,0.8571428571428571,5,1,3,1.0
2024-03-10,Ph01_Z01_C01,6.25111E+12,1.0,0.0,0.0,1.0,0.7142857142857143,0.8571428571428571,6,1,3,1.0
2024-03-11,Ph01_Z01_C01,6.25111E+12,1.0,1.0,1.0,1.0,0.7142857142857143,0.8571428571428571,0,0,3,0.0
2024-03-12,Ph01_Z01_C01,6.25111E+12,0.0,1.0,1.0,0.0,0.5714285714285714,0.8571428571428571,1,0,3,3.0
2024-03-13,Ph01_Z01_C01,6.25111E+12,3.0,0.0,0.0,0.0,1.0,1.0714285714285714,2,0,3,2.0
2024-03-14,Ph01_Z01_C01,6.25111E+12,2.0,3.0,1.0,0.0,1.1428571428571428,1.2142857142857142,3,0,3,5.0
2024-03-15,Ph01_Z01_C01,6.25111E+12,5.0,2.0,1.0,3.0,1.7142857142857142,1.3571428571428572,4,0,3,1.0
2024-03-16,Ph01_Z01_C01,6.25111E+12,1.0,5.0,0.0,3.0,1.8571428571428572,1.2142857142857142,5,1,3,0.0
2024-03-17,Ph01_Z01_C01,6.25111E+12,0.0,1.0,1.0,0.0,1.7142857142857142,1.2142857142857142,6,1,3,1.0
2024-03-18,Ph01_Z01_C01,6.25111E+12,1.0,0.0,1.0,1.0,1.7142857142857142,1.2142857142857142,0,0,3,1.0
2024-03-19,Ph01_Z01_C01,6.25111E+12,1.0,1.0,0.0,1.0,1.8571428571428572,1.2142857142857142,1,0,3,0.0
2024-03-20,Ph01_Z01_C01,6.25111E+12,0.0,1.0,3.0,0.0,1.4285714285714286,1.2142857142857142,2,0,3,0.0
2024-03-21,Ph01_Z01_C01,6.25111E+12,0.0,0.0,2.0,1.0,1.1428571428571428,1.1428571428571428,3,0,3,2.0
2024-03-22,Ph01_Z01_C01,6.25111E+12,2.0,0.0,5.0,1.0,0.7142857142857143,1.2142857142857142,4,0,3,0.0
2024-03-23,Ph01_Z01_C01,6.25111E+12,0.0,2.0,1.0,0.0,0.5714285714285714,1.2142857142857142,5,1,3,0.0
2024-03-24,Ph01_Z01_C01,6.25111E+12,0.0,0.0,0.0,1.0,0.5714285714285714,1.1428571428571428,6,1,3,1.0
2024-03-25,Ph01_Z01_C01,6.25111E+12,1.0,0.0,1.0,1.0,0.5714285714285714,1.1428571428571428,0,0,3,0.0
2024-03-26,Ph01_Z01_C01,6.25111E+12,0.0,1.0,1.0,0.0,0.42857142857142855,1.1428571428571428,1,0,3,2.0
2024-03-27,Ph01_Z01_C01,6.25111E+12,2.0,0.0,0.0,3.0,0.7142857142857143,1.0714285714285714,2,0,3,1.0
2024-03-28,Ph01_Z01_C01,6.25111E+12,1.0,2.0,0.0,2.0,0.8571428571428571,1.0,3,0,3,1.0
2024-03-29,Ph01_Z01_C01,6.25111E+12,1.0,1.0,2.0,5.0,0.7142857142857143,0.7142857142857143,4,0,3,0.0
2024-03-30,Ph01_Z01_C01,6.25111E+12,0.0,1.0,0.0,1.0,0.7142857142857143,0.6428571428571429,5,1,3,0.0
2024-03-31,Ph01_Z01_C01,6.25111E+12,0.0,0.0,0.0,0.0,0.7142857142857143,0.6428571428571429,6,1,3,0.0
2024-04-01,Ph01_Z01_C01,6.25111E+12,0.0,0.0,1.0,1.0,0.5714285714285714,0.5714285714285714,0,0,4,2.0
2024-04-02,Ph01_Z01_C01,6.25111E+12,2.0,0.0,0.0,1.0,0.8571428571428571,0.6428571428571429,1,0,4,3.0
2024-04-03,Ph01_Z01_C01,6.25111E+12,3.0,2.0,2.0,0.0,1.0,0.8571428571428571,2,0,4,1.0
2024-04-04,Ph01_Z01_C01,6.25111E+12,1.0,3.0,1.0,0.0,1.0,0.9285714285714286,3,0,4,0.0
2024-04-05,Ph01_Z01_C01,6.25111E+12,0.0,1.0,1.0,2.0,0.8571428571428571,0.7857142857142857,4,0,4,0.0
2024-04-06,Ph01_Z01_C01,6.25111E+12,0.0,0.0,0.0,0.0,0.8571428571428571,0.7857142857142857,5,1,4,0.0
2024-04-07,Ph01_Z01_C01,6.25111E+12,0.0,0.0,0.0,0.0,0.8571428571428571,0.7857142857142857,6,1,4,0.0
2024-04-08,Ph01_Z01_C01,6.25111E+12,0.0,0.0,0.0,1.0,0.8571428571428571,0.7142857142857143,0,0,4,1.0
2024-04-09,Ph01_Z01_C01,6.25111E+12,1.0,0.0,2.0,0.0,0.7142857142857143,0.7857142857142857,1,0,4,0.0
2024-04-10,Ph01_Z01_C01,6.25111E+12,0.0,1.0,3.0,2.0,0.2857142857142857,0.6428571428571429,2,0,4,0.0
2024-04-11,Ph01_Z01_C01,6.25111E+12,0.0,0.0,1.0,1.0,0.14285714285714285,0.5714285714285714,3,0,4,2.0
2024-04-12,Ph01_Z01_C01,6.25111E+12,2.0,0.0,0.0,1.0,0.42857142857142855,0.6428571428571429,4,0,4,1.0
2024-04-13,Ph01_Z01_C01,6.25111E+12,1.0,2.0,0.0,0.0,0.5714285714285714,0.7142857142857143,5,1,4,1.0
2024-04-14,Ph01_Z01_C01,6.25111E+12,1.0,1.0,0.0,0.0,0.7142857142857143,0.7857142857142857,6,1,4,1.0
2024-04-15,Ph01_Z01_C01,6.25111E+12,1.0,1.0,0.0,0.0,0.8571428571428571,0.8571428571428571,0,0,4,1.0
2024-04-16,Ph01_Z01_C01,6.25111E+12,1.0,1.0,1.0,2.0,0.8571428571428571,0.7857142857142857,1,0,4,1.0
2024-04-17,Ph01_Z01_C01,6.25111E+12,1.0,1.0,0.0,3.0,1.0,0.6428571428571429,2,0,4,1.0
2024-04-18,Ph01_Z01_C01,6.25111E+12,1.0,1.0,0.0,1.0,1.1428571428571428,0.6428571428571429,3,0,4,1.0
2024-04-19,Ph01_Z01_C01,6.25111E+12,1.0,1.0,2.0,0.0,1.0,0.7142857142857143,4,0,4,1.0
2024-04-20,Ph01_Z01_C01,6.25111E+12,1.0,1.0,1.0,0.0,1.0,0.7857142857142857,5,1,4,0.0
2024-04-21,Ph01_Z01_C01,6.25111E+12,0.0,1.0,1.0,0.0,0.8571428571428571,0.7857142857142857,6,1,4,0.0
2024-04-22,Ph01_Z01_C01,6.25111E+12,0.0,0.0,1.0,0.0,0.7142857142857143,0.7857142857142857,0,0,4,4.0
2024-04-23,Ph01_Z01_C01,6.25111E+12,4.0,0.0,1.0,1.0,1.1428571428571428,1.0,1,0,4,3.0
2024-04-24,Ph01_Z01_C01,6.25111E+12,3.0,4.0,1.0,0.0,1.4285714285714286,1.2142857142857142,2,0,4,1.0
2024-04-25,Ph01_Z01_C01,6.25111E+12,1.0,3.0,1.0,0.0,1.4285714285714286,1.2857142857142858,3,0,4,2.0
2024-04-26,Ph01_Z01_C01,6.25111E+12,2.0,1.0,1.0,2.0,1.5714285714285714,1.2857142857142858,4,0,4,2.0
2024-04-27,Ph01_Z01_C01,6.25111E+12,2.0,2.0,1.0,1.0,1.7142857142857142,1.3571428571428572,5,1,4,0.0
2024-04-28,Ph01_Z01_C01,6.25111E+12,0.0,2.0,0.0,1.0,1.7142857142857142,1.2857142857142858,6,1,4,2.0
2024-04-29,Ph01_Z01_C01,6.25111E+12,2.0,0.0,0.0,1.0,2.0,1.3571428571428572,0,0,4,0.0
2024-04-30,Ph01_Z01_C01,6.25111E+12,0.0,2.0,4.0,1.0,1.4285714285714286,1.2857142857142858,1,0,4,3.0
2024-05-01,Ph01_Z01_C01,6.25111E+12,3.0,0.0,3.0,1.0,1.4285714285714286,1.4285714285714286,2,0,5,1.0
2024-05-02,Ph01_Z01_C01,6.25111E+12,1.0,3.0,1.0,1.0,1.4285714285714286,1.4285714285714286,3,0,5,1.0
2024-05-03,Ph01_Z01_C01,6.25111E+12,1.0,1.0,2.0,1.0,1.2857142857142858,1.4285714285714286,4,0,5,0.0
2024-05-04,Ph01_Z01_C01,6.25111E+12,0.0,1.0,2.0,1.0,1.0,1.3571428571428572,5,1,5,8.0
2024-05-05,Ph01_Z01_C01,6.25111E+12,8.0,0.0,0.0,0.0,2.142857142857143,1.9285714285714286,6,1,5,0.0
2024-05-06,Ph01_Z01_C01,6.25111E+12,0.0,8.0,2.0,0.0,1.8571428571428572,1.9285714285714286,0,0,5,1.0
2024-05-07,Ph01_Z01_C01,6.25111E+12,1.0,0.0,0.0,4.0,2.0,1.7142857142857142,1,0,5,1.0
2024-05-08,Ph01_Z01_C01,6.25111E+12,1.0,1.0,3.0,3.0,1.7142857142857142,1.5714285714285714,2,0,5,3.0
2024-05-09,Ph01_Z01_C01,6.25111E+12,3.0,1.0,1.0,1.0,2.0,1.7142857142857142,3,0,5,1.0
2024-05-10,Ph01_Z01_C01,6.25111E+12,1.0,3.0,1.0,2.0,2.0,1.6428571428571428,4,0,5,2.0
2024-05-11,Ph01_Z01_C01,6.25111E+12,2.0,1.0,0.0,2.0,2.2857142857142856,1.6428571428571428,5,1,5,0.0
2024-05-12,Ph01_Z01_C01,6.25111E+12,0.0,2.0,8.0,0.0,1.1428571428571428,1.6428571428571428,6,1,5,0.0
2024-05-13,Ph01_Z01_C01,6.25111E+12,0.0,0.0,0.0,2.0,1.1428571428571428,1.5,0,0,5,5.0
2024-05-14,Ph01_Z01_C01,6.25111E+12,5.0,0.0,1.0,0.0,1.7142857142857142,1.8571428571428572,1,0,5,6.0
2024-05-15,Ph01_Z01_C01,6.25111E+12,6.0,5.0,1.0,3.0,2.4285714285714284,2.0714285714285716,2,0,5,1.0
2024-05-16,Ph01_Z01_C01,6.25111E+12,1.0,6.0,3.0,1.0,2.142857142857143,2.0714285714285716,3,0,5,1.0
2024-05-17,Ph01_Z01_C01,6.25111E+12,1.0,1.0,1.0,1.0,2.142857142857143,2.0714285714285716,4,0,5,2.0
2024-05-18,Ph01_Z01_C01,6.25111E+12,2.0,1.0,2.0,0.0,2.142857142857143,2.2142857142857144,5,1,5,1.0
2024-05-19,Ph01_Z01_C01,6.25111E+12,1.0,2.0,0.0,8.0,2.2857142857142856,1.7142857142857142,6,1,5,2.0
2024-05-20,Ph01_Z01_C01,6.25111E+12,2.0,1.0,0.0,0.0,2.5714285714285716,1.8571428571428572,0,0,5,2.0
2024-05-21,Ph01_Z01_C01,6.25111E+12,2.0,2.0,5.0,1.0,2.142857142857143,1.9285714285714286,1,0,5,3.0
2024-05-22,Ph01_Z01_C01,6.25111E+12,3.0,2.0,6.0,1.0,1.7142857142857142,2.0714285714285716,2,0,5,1.0
2024-05-23,Ph01_Z01_C01,6.25111E+12,1.0,3.0,1.0,3.0,1.7142857142857142,1.9285714285714286,3,0,5,3.0
2024-05-24,Ph01_Z01_C01,6.25111E+12,3.0,1.0,1.0,1.0,2.0,2.0714285714285716,4,0,5,2.0
2024-05-25,Ph01_Z01_C01,6.25111E+12,2.0,3.0,2.0,2.0,2.0,2.0714285714285716,5,1,5,1.0
2024-05-26,Ph01_Z01_C01,6.25111E+12,1.0,2.0,1.0,0.0,2.0,2.142857142857143,6,1,5,1.0
2024-05-27,Ph01_Z01_C01,6.25111E+12,1.0,1.0,2.0,0.0,1.8571428571428572,2.2142857142857144,0,0,5,0.0
2024-05-28,Ph01_Z01_C01,6.25111E+12,0.0,1.0,2.0,5.0,1.5714285714285714,1.8571428571428572,1,0,5,1.0
2024-05-29,Ph01_Z01_C01,6.25111E+12,1.0,0.0,3.0,6.0,1.2857142857142858,1.5,2,0,5,0.0
2024-05-30,Ph01_Z01_C01,6.25111E+12,0.0,1.0,1.0,1.0,1.1428571428571428,1.4285714285714286,3,0,5,0.0
2024-05-31,Ph01_Z01_C01,6.25111E+12,0.0,0.0,3.0,1.0,0.7142857142857143,1.3571428571428572,4,0,5,1.0
2024-06-01,Ph01_Z01_C01,6.25111E+12,1.0,0.0,2.0,2.0,0.5714285714285714,1.2857142857142858,5,1,6,2.0
2024-06-02,Ph01_Z01_C01,6.25111E+12,2.0,1.0,1.0,1.0,0.7142857142857143,1.3571428571428572,6,1,6,0.0
2024-06-03,Ph01_Z01_C01,6.25111E+12,0.0,2.0,1.0,2.0,0.5714285714285714,1.2142857142857142,0,0,6,3.0
2024-06-04,Ph01_Z01_C01,6.25111E+12,3.0,0.0,0.0,2.0,1.0,1.2857142857142858,1,0,6,1.0
2024-06-05,Ph01_Z01_C01,6.25111E+12,1.0,3.0,1.0,3.0,1.0,1.1428571428571428,2,0,6,3.0
2024-06-06,Ph01_Z01_C01,6.25111E+12,3.0,1.0,0.0,1.0,1.4285714285714286,1.2857142857142858,3,0,6,5.0
2024-06-07,Ph01_Z01_C01,6.25111E+12,5.0,3.0,0.0,3.0,2.142857142857143,1.4285714285714286,4,0,6,1.0
2024-06-08,Ph01_Z01_C01,6.25111E+12,1.0,5.0,1.0,2.0,2.142857142857143,1.3571428571428572,5,1,6,4.0
2024-06-09,Ph01_Z01_C01,6.25111E+12,4.0,1.0,2.0,1.0,2.4285714285714284,1.5714285714285714,6,1,6,0.0
2024-06-10,Ph01_Z01_C01,6.25111E+12,0.0,4.0,0.0,1.0,2.4285714285714284,1.5,0,0,6,4.0
2024-06-11,Ph01_Z01_C01,6.25111E+12,4.0,0.0,3.0,0.0,2.5714285714285716,1.7857142857142858,1,0,6,1.0
2024-06-12,Ph01_Z01_C01,6.25111E+12,1.0,4.0,1.0,1.0,2.5714285714285716,1.7857142857142858,2,0,6,0.0
2024-06-13,Ph01_Z01_C01,6.25111E+12,0.0,1.0,3.0,0.0,2.142857142857143,1.7857142857142858,3,0,6,1.0
2024-06-14,Ph01_Z01_C01,6.25111E+12,1.0,0.0,5.0,0.0,1.5714285714285714,1.8571428571428572,4,0,6,2.0
2024-06-15,Ph01_Z01_C01,6.25111E+12,2.0,1.0,1.0,1.0,1.7142857142857142,1.9285714285714286,5,1,6,0.0
2024-06-16,Ph01_Z01_C01,6.25111E+12,0.0,2.0,4.0,2.0,1.1428571428571428,1.7857142857142858,6,1,6,0.0
2024-06-17,Ph01_Z01_C01,6.25111E+12,0.0,0.0,0.0,0.0,1.1428571428571428,1.7857142857142858,0,0,6,1.0
2024-06-18,Ph01_Z01_C01,6.25111E+12,1.0,0.0,4.0,3.0,0.7142857142857143,1.6428571428571428,1,0,6,3.0
2024-06-19,Ph01_Z01_C01,6.25111E+12,3.0,1.0,1.0,1.0,1.0,1.7857142857142858,2,0,6,0.0
2024-06-20,Ph01_Z01_C01,6.25111E+12,0.0,3.0,0.0,3.0,1.0,1.5714285714285714,3,0,6,0.0
2024-06-21,Ph01_Z01_C01,6.25111E+12,0.0,0.0,1.0,5.0,0.8571428571428571,1.2142857142857142,4,0,6,1.0
2024-06-22,Ph01_Z01_C01,6.25111E+12,1.0,0.0,2.0,1.0,0.7142857142857143,1.2142857142857142,5,1,6,0.0
2024-06-23,Ph01_Z01_C01,6.25111E+12,0.0,1.0,0.0,4.0,0.7142857142857143,0.9285714285714286,6,1,6,0.0
2024-06-24,Ph01_Z01_C01,6.25111E+12,0.0,0.0,0.0,0.0,0.7142857142857143,0.9285714285714286,0,0,6,3.0
2024-06-25,Ph01_Z01_C01,6.25111E+12,3.0,0.0,1.0,4.0,1.0,0.8571428571428571,1,0,6,3.0
2024-06-26,Ph01_Z01_C01,6.25111E+12,3.0,3.0,3.0,1.0,1.0,1.0,2,0,6,3.0
2024-06-27,Ph01_Z01_C01,6.25111E+12,3.0,3.0,0.0,0.0,1.4285714285714286,1.2142857142857142,3,0,6,1.0
2024-06-28,Ph01_Z01_C01,6.25111E+12,1.0,3.0,0.0,1.0,1.5714285714285714,1.2142857142857142,4,0,6,4.0
2024-06-29,Ph01_Z01_C01,6.25111E+12,4.0,1.0,1.0,2.0,2.0,1.3571428571428572,5,1,6,0.0
2024-06-30,Ph01_Z01_C01,6.25111E+12,0.0,4.0,0.0,0.0,2.0,1.3571428571428572,6,1,6,0.0
2024-07-01,Ph01_Z01_C01,6.25111E+12,0.0,0.0,0.0,0.0,2.0,1.3571428571428572,0,0,7,2.0
2024-07-02,Ph01_Z01_C01,6.25111E+12,2.0,0.0,3.0,1.0,1.8571428571428572,1.4285714285714286,1,0,7,0.0
2024-07-03,Ph01_Z01_C01,6.25111E+12,0.0,2.0,3.0,3.0,1.4285714285714286,1.2142857142857142,2,0,7,2.0
2024-07-04,Ph01_Z01_C01,6.25111E+12,2.0,0.0,3.0,0.0,1.2857142857142858,1.3571428571428572,3,0,7,2.0
2024-07-05,Ph01_Z01_C01,6.25111E+12,2.0,2.0,1.0,0.0,1.4285714285714286,1.5,4,0,7,1.0
2024-07-06,Ph01_Z01_C01,6.25111E+12,1.0,2.0,4.0,1.0,1.0,1.5,5,1,7,0.0
2024-07-07,Ph01_Z01_C01,6.25111E+12,0.0,1.0,0.0,0.0,1.0,1.5,6,1,7,1.0
2024-07-08,Ph01_Z01_C01,6.25111E+12,1.0,0.0,0.0,0.0,1.1428571428571428,1.5714285714285714,0,0,7,1.0
2024-07-09,Ph01_Z01_C01,6.25111E+12,1.0,1.0,2.0,3.0,1.0,1.4285714285714286,1,0,7,0.0
2024-07-10,Ph01_Z01_C01,6.25111E+12,0.0,1.0,0.0,3.0,1.0,1.2142857142857142,2,0,7,1.0
2024-07-11,Ph01_Z01_C01,6.25111E+12,1.0,0.0,2.0,3.0,0.8571428571428571,1.0714285714285714,3,0,7,0.0
2024-07-12,Ph01_Z01_C01,6.25111E+12,0.0,1.0,2.0,1.0,0.5714285714285714,1.0,4,0,7,3.0
2024-07-13,Ph01_Z01_C01,6.25111E+12,3.0,0.0,1.0,4.0,0.8571428571428571,0.9285714285714286,5,1,7,0.0
2024-07-14,Ph01_Z01_C01,6.25111E+12,0.0,3.0,0.0,0.0,0.8571428571428571,0.9285714285714286,6,1,7,1.0
2024-07-15,Ph01_Z01_C01,6.25111E+12,1.0,0.0,1.0,0.0,0.8571428571428571,1.0,0,0,7,1.0
2024-07-16,Ph01_Z01_C01,6.25111E+12,1.0,1.0,1.0,2.0,0.8571428571428571,0.9285714285714286,1,0,7,1.0
2024-07-17,Ph01_Z01_C01,6.25111E+12,1.0,1.0,0.0,0.0,1.0,1.0,2,0,7,0.0
2024-07-18,Ph01_Z01_C01,6.25111E+12,0.0,1.0,1.0,2.0,0.8571428571428571,0.8571428571428571,3,0,7,2.0
2024-07-19,Ph01_Z01_C01,6.25111E+12,2.0,0.0,0.0,2.0,1.1428571428571428,0.8571428571428571,4,0,7,0.0
2024-07-20,Ph01_Z01_C01,6.25111E+12,0.0,2.0,3.0,1.0,0.7142857142857143,0.7857142857142857,5,1,7,0.0
2024-07-21,Ph01_Z01_C01,6.25111E+12,0.0,0.0,0.0,0.0,0.7142857142857143,0.7857142857142857,6,1,7,1.0
2024-07-22,Ph01_Z01_C01,6.25111E+12,1.0,0.0,1.0,1.0,0.7142857142857143,0.7857142857142857,0,0,7,3.0
2024-07-23,Ph01_Z01_C01,6.25111E+12,3.0,1.0,1.0,1.0,1.0,0.9285714285714286,1,0,7,0.0
2024-07-24,Ph01_Z01_C01,6.25111E+12,0.0,3.0,1.0,0.0,0.8571428571428571,0.9285714285714286,2,0,7,0.0
2024-07-25,Ph01_Z01_C01,6.25111E+12,0.0,0.0,0.0,1.0,0.8571428571428571,0.8571428571428571,3,0,7,0.0
2024-07-26,Ph01_Z01_C01,6.25111E+12,0.0,0.0,2.0,0.0,0.5714285714285714,0.8571428571428571,4,0,7,0.0
2024-07-27,Ph01_Z01_C01,6.25111E+12,0.0,0.0,0.0,3.0,0.5714285714285714,0.6428571428571429,5,1,7,1.0
2024-07-28,Ph01_Z01_C01,6.25111E+12,1.0,0.0,0.0,0.0,0.7142857142857143,0.7142857142857143,6,1,7,4.0
2024-07-29,Ph01_Z01_C01,6.25111E+12,4.0,1.0,1.0,1.0,1.1428571428571428,0.9285714285714286,0,0,7,1.0
2024-07-30,Ph01_Z01_C01,6.25111E+12,1.0,4.0,3.0,1.0,0.8571428571428571,0.9285714285714286,1,0,7,1.0
2024-07-31,Ph01_Z01_C01,6.25111E+12,1.0,1.0,0.0,1.0,1.0,0.9285714285714286,2,0,7,1.0
2024-08-01,Ph01_Z01_C01,6.25111E+12,1.0,1.0,0.0,0.0,1.1428571428571428,1.0,3,0,8,0.0
2024-08-02,Ph01_Z01_C01,6.25111E+12,0.0,1.0,0.0,2.0,1.1428571428571428,0.8571428571428571,4,0,8,0.0
2024-08-03,Ph01_Z01_C01,6.25111E+12,0.0,0.0,0.0,0.0,1.1428571428571428,0.8571428571428571,5,1,8,1.0
2024-08-04,Ph01_Z01_C01,6.25111E+12,1.0,0.0,1.0,0.0,1.1428571428571428,0.9285714285714286,6,1,8,1.0
2024-08-05,Ph01_Z01_C01,6.25111E+12,1.0,1.0,4.0,1.0,0.7142857142857143,0.9285714285714286,0,0,8,1.0
2024-08-06,Ph01_Z01_C01,6.25111E+12,1.0,1.0,1.0,3.0,0.7142857142857143,0.7857142857142857,1,0,8,1.0
2024-08-07,Ph01_Z01_C01,6.25111E+12,1.0,1.0,1.0,0.0,0.7142857142857143,0.8571428571428571,2,0,8,2.0
2024-08-08,Ph01_Z01_C01,6.25111E+12,2.0,1.0,1.0,0.0,0.8571428571428571,1.0,3,0,8,3.0
2024-08-09,Ph01_Z01_C01,6.25111E+12,3.0,2.0,0.0,0.0,1.2857142857142858,1.2142857142857142,4,0,8,2.0
2024-08-10,Ph01_Z01_C01,6.25111E+12,2.0,3.0,0.0,0.0,1.5714285714285714,1.3571428571428572,5,1,8,2.0
2024-08-11,Ph01_Z01_C01,6.25111E+12,2.0,2.0,1.0,1.0,1.7142857142857142,1.4285714285714286,6,1,8,1.0
2024-08-12,Ph01_Z01_C01,6.25111E+12,1.0,2.0,1.0,4.0,1.7142857142857142,1.2142857142857142,0,0,8,0.0
2024-08-13,Ph01_Z01_C01,6.25111E+12,0.0,1.0,1.0,1.0,1.5714285714285714,1.1428571428571428,1,0,8,1.0
2024-08-14,Ph01_Z01_C01,6.25111E+12,1.0,0.0,1.0,1.0,1.5714285714285714,1.1428571428571428,2,0,8,0.0
2024-08-15,Ph01_Z01_C01,6.25111E+12,0.0,1.0,2.0,1.0,1.2857142857142858,1.0714285714285714,3,0,8,0.0
2024-08-16,Ph01_Z01_C01,6.25111E+12,0.0,0.0,3.0,0.0,0.8571428571428571,1.0714285714285714,4,0,8,0.0
2024-08-17,Ph01_Z01_C01,6.25111E+12,0.0,0.0,2.0,0.0,0.5714285714285714,1.0714285714285714,5,1,8,1.0
2024-08-18,Ph01_Z01_C01,6.25111E+12,1.0,0.0,2.0,1.0,0.42857142857142855,1.0714285714285714,6,1,8,0.0
2024-08-19,Ph01_Z01_C01,6.25111E+12,0.0,1.0,1.0,1.0,0.2857142857142857,1.0,0,0,8,2.0
2024-08-20,Ph01_Z01_C01,6.25111E+12,2.0,0.0,0.0,1.0,0.5714285714285714,1.0714285714285714,1,0,8,0.0
2024-08-21,Ph01_Z01_C01,6.25111E+12,0.0,2.0,1.0,1.0,0.42857142857142855,1.0,2,0,8,1.0
2024-08-22,Ph01_Z01_C01,6.25111E+12,1.0,0.0,0.0,2.0,0.5714285714285714,0.9285714285714286,3,0,8,1.0
2024-08-23,Ph01_Z01_C01,6.25111E+12,1.0,1.0,0.0,3.0,0.7142857142857143,0.7857142857142857,4,0,8,1.0
2024-08-24,Ph01_Z01_C01,6.25111E+12,1.0,1.0,0.0,2.0,0.8571428571428571,0.7142857142857143,5,1,8,0.0
2024-08-25,Ph01_Z01_C01,6.25111E+12,0.0,1.0,1.0,2.0,0.7142857142857143,0.5714285714285714,6,1,8,2.0
2024-08-26,Ph01_Z01_C01,6.25111E+12,2.0,0.0,0.0,1.0,1.0,0.6428571428571429,0,0,8,0.0
2024-08-27,Ph01_Z01_C01,6.25111E+12,0.0,2.0,2.0,0.0,0.7142857142857143,0.6428571428571429,1,0,8,0.0
2024-08-28,Ph01_Z01_C01,6.25111E+12,0.0,0.0,0.0,1.0,0.7142857142857143,0.5714285714285714,2,0,8,3.0
2024-08-29,Ph01_Z01_C01,6.25111E+12,3.0,0.0,1.0,0.0,1.0,0.7857142857142857,3,0,8,1.0
2024-08-30,Ph01_Z01_C01,6.25111E+12,1.0,3.0,1.0,0.0,1.0,0.8571428571428571,4,0,8,0.0
2024-08-31,Ph01_Z01_C01,6.25111E+12,0.0,1.0,1.0,0.0,0.8571428571428571,0.8571428571428571,5,1,8,1.0
2024-09-01,Ph01_Z01_C01,6.25111E+12,1.0,0.0,0.0,1.0,1.0,0.8571428571428571,6,1,9,4.0
2024-09-02,Ph01_Z01_C01,6.25111E+12,4.0,1.0,2.0,0.0,1.2857142857142858,1.1428571428571428,0,0,9,0.0
2024-09-03,Ph01_Z01_C01,6.25111E+12,0.0,4.0,0.0,2.0,1.2857142857142858,1.0,1,0,9,3.0
2024-09-04,Ph01_Z01_C01,6.25111E+12,3.0,0.0,0.0,0.0,1.7142857142857142,1.2142857142857142,2,0,9,2.0
2024-09-05,Ph01_Z01_C01,6.25111E+12,2.0,3.0,3.0,1.0,1.5714285714285714,1.2857142857142858,3,0,9,1.0
2024-09-06,Ph01_Z01_C01,6.25111E+12,1.0,2.0,1.0,1.0,1.5714285714285714,1.2857142857142858,4,0,9,4.0
2024-09-07,Ph01_Z01_C01,6.25111E+12,4.0,1.0,0.0,1.0,2.142857142857143,1.5,5,1,9,0.0
2024-09-08,Ph01_Z01_C01,6.25111E+12,0.0,4.0,1.0,0.0,2.0,1.5,6,1,9,2.0
2024-09-09,Ph01_Z01_C01,6.25111E+12,2.0,0.0,4.0,2.0,1.7142857142857142,1.5,0,0,9,0.0
2024-09-10,Ph01_Z01_C01,6.25111E+12,0.0,2.0,0.0,0.0,1.7142857142857142,1.5,1,0,9,1.0
2024-09-11,Ph01_Z01_C01,6.25111E+12,1.0,0.0,3.0,0.0,1.4285714285714286,1.5714285714285714,2,0,9,0.0
2024-09-12,Ph01_Z01_C01,6.25111E+12,0.0,1.0,2.0,3.0,1.1428571428571428,1.3571428571428572,3,0,9,0.0
2024-09-13,Ph01_Z01_C01,6.25111E+12,0.0,0.0,1.0,1.0,1.0,1.2857142857142858,4,0,9,0.0
2024-09-14,Ph01_Z01_C01,6.25111E+12,0.0,0.0,4.0,0.0,0.42857142857142855,1.2857142857142858,5,1,9,6.0
2024-09-15,Ph01_Z01_C01,6.25111E+12,6.0,0.0,0.0,1.0,1.2857142857142858,1.6428571428571428,6,1,9,3.0
2024-09-16,Ph01_Z01_C01,6.25111E+12,3.0,6.0,2.0,4.0,1.4285714285714286,1.5714285714285714,0,0,9,1.0
2024-09-17,Ph01_Z01_C01,6.25111E+12,1.0,3.0,0.0,0.0,1.5714285714285714,1.6428571428571428,1,0,9,0.0
2024-09-18,Ph01_Z01_C01,6.25111E+12,0.0,1.0,1.0,3.0,1.4285714285714286,1.4285714285714286,2,0,9,0.0
2024-09-19,Ph01_Z01_C01,6.25111E+12,0.0,0.0,0.0,2.0,1.4285714285714286,1.2857142857142858,3,0,9,1.0
2024-09-20,Ph01_Z01_C01,6.25111E+12,1.0,0.0,0.0,1.0,1.5714285714285714,1.2857142857142858,4,0,9,1.0
2024-09-21,Ph01_Z01_C01,6.25111E+12,1.0,1.0,0.0,4.0,1.7142857142857142,1.0714285714285714,5,1,9,2.0
2024-09-22,Ph01_Z01_C01,6.25111E+12,2.0,1.0,6.0,0.0,1.1428571428571428,1.2142857142857142,6,1,9,0.0
2024-09-23,Ph01_Z01_C01,6.25111E+12,0.0,2.0,3.0,2.0,0.7142857142857143,1.0714285714285714,0,0,9,2.0
2024-09-24,Ph01_Z01_C01,6.25111E+12,2.0,0.0,1.0,0.0,0.8571428571428571,1.2142857142857142,1,0,9,4.0
2024-09-25,Ph01_Z01_C01,6.25111E+12,4.0,2.0,0.0,1.0,1.4285714285714286,1.4285714285714286,2,0,9,3.0
2024-09-26,Ph01_Z01_C01,6.25111E+12,3.0,4.0,0.0,0.0,1.8571428571428572,1.6428571428571428,3,0,9,1.0
2024-09-27,Ph01_Z01_C01,6.25111E+12,1.0,3.0,1.0,0.0,1.8571428571428572,1.7142857142857142,4,0,9,1.0
2024-09-28,Ph01_Z01_C01,6.25111E+12,1.0,1.0,1.0,0.0,1.8571428571428572,1.7857142857142858,5,1,9,1.0
2024-09-29,Ph01_Z01_C01,6.25111E+12,1.0,1.0,2.0,6.0,1.7142857142857142,1.4285714285714286,6,1,9,1.0
2024-09-30,Ph01_Z01_C01,6.25111E+12,1.0,1.0,0.0,3.0,1.8571428571428572,1.2857142857142858,0,0,9,3.0
2024-10-01,Ph01_Z01_C01,6.25111E+12,3.0,1.0,2.0,1.0,2.0,1.4285714285714286,1,0,10,1.0
2024-10-02,Ph01_Z01_C01,6.25111E+12,1.0,3.0,4.0,0.0,1.5714285714285714,1.5,2,0,10,5.0
2024-10-03,Ph01_Z01_C01,6.25111E+12,5.0,1.0,3.0,0.0,1.8571428571428572,1.8571428571428572,3,0,10,3.0
2024-10-04,Ph01_Z01_C01,6.25111E+12,3.0,5.0,1.0,1.0,2.142857142857143,2.0,4,0,10,0.0
2024-10-05,Ph01_Z01_C01,6.25111E+12,0.0,3.0,1.0,1.0,2.0,1.9285714285714286,5,1,10,1.0
2024-10-06,Ph01_Z01_C01,6.25111E+12,1.0,0.0,1.0,2.0,2.0,1.8571428571428572,6,1,10,1.0
2024-10-07,Ph01_Z01_C01,6.25111E+12,1.0,1.0,1.0,0.0,2.0,1.9285714285714286,0,0,10,0.0
2024-10-08,Ph01_Z01_C01,6.25111E+12,0.0,1.0,3.0,2.0,1.5714285714285714,1.7857142857142858,1,0,10,3.0
2024-10-09,Ph01_Z01_C01,6.25111E+12,3.0,0.0,1.0,4.0,1.8571428571428572,1.7142857142857142,2,0,10,2.0
2024-10-10,Ph01_Z01_C01,6.25111E+12,2.0,3.0,5.0,3.0,1.4285714285714286,1.6428571428571428,3,0,10,1.0
2024-10-11,Ph01_Z01_C01,6.25111E+12,1.0,2.0,3.0,1.0,1.1428571428571428,1.6428571428571428,4,0,10,0.0
2024-10-12,Ph01_Z01_C01,6.25111E+12,0.0,1.0,0.0,1.0,1.1428571428571428,1.5714285714285714,5,1,10,1.0
2024-10-13,Ph01_Z01_C01,6.25111E+12,1.0,0.0,1.0,1.0,1.1428571428571428,1.5714285714285714,6,1,10,1.0
2024-10-14,Ph01_Z01_C01,6.25111E+12,1.0,1.0,1.0,1.0,1.1428571428571428,1.5714285714285714,0,0,10,1.0
2024-10-15,Ph01_Z01_C01,6.25111E+12,1.0,1.0,0.0,3.0,1.2857142857142858,1.4285714285714286,1,0,10,0.0
2024-10-16,Ph01_Z01_C01,6.25111E+12,0.0,1.0,3.0,1.0,0.8571428571428571,1.3571428571428572,2,0,10,1.0
2024-10-17,Ph01_Z01_C01,6.25111E+12,1.0,0.0,2.0,5.0,0.7142857142857143,1.0714285714285714,3,0,10,0.0
2024-10-18,Ph01_Z01_C01,6.25111E+12,0.0,1.0,1.0,3.0,0.5714285714285714,0.8571428571428571,4,0,10,0.0
2024-10-19,Ph01_Z01_C01,6.25111E+12,0.0,0.0,0.0,0.0,0.5714285714285714,0.8571428571428571,5,1,10,1.0
2024-10-20,Ph01_Z01_C01,6.25111E+12,1.0,0.0,1.0,1.0,0.5714285714285714,0.8571428571428571,6,1,10,0.0
2024-10-21,Ph01_Z01_C01,6.25111E+12,0.0,1.0,1.0,1.0,0.42857142857142855,0.7857142857142857,0,0,10,0.0
2024-10-22,Ph01_Z01_C01,6.25111E+12,0.0,0.0,1.0,0.0,0.2857142857142857,0.7857142857142857,1,0,10,1.0
2024-10-23,Ph01_Z01_C01,6.25111E+12,1.0,0.0,0.0,3.0,0.42857142857142855,0.6428571428571429,2,0,10,1.0
2024-10-24,Ph01_Z01_C01,6.25111E+12,1.0,1.0,1.0,2.0,0.42857142857142855,0.5714285714285714,3,0,10,2.0
2024-10-25,Ph01_Z01_C01,6.25111E+12,2.0,1.0,0.0,1.0,0.7142857142857143,0.6428571428571429,4,0,10,1.0
2024-10-26,Ph01_Z01_C01,6.25111E+12,1.0,2.0,0.0,0.0,0.8571428571428571,0.7142857142857143,5,1,10,2.0
2024-10-27,Ph01_Z01_C01,6.25111E+12,2.0,1.0,1.0,1.0,1.0,0.7857142857142857,6,1,10,0.0
2024-10-28,Ph01_Z01_C01,6.25111E+12,0.0,2.0,0.0,1.0,1.0,0.7142857142857143,0,0,10,2.0
2024-10-29,Ph01_Z01_C01,6.25111E+12,2.0,0.0,0.0,1.0,1.2857142857142858,0.7857142857142857,1,0,10,2.0
2024-10-30,Ph01_Z01_C01,6.25111E+12,2.0,2.0,1.0,0.0,1.4285714285714286,0.9285714285714286,2,0,10,1.0
2024-10-31,Ph01_Z01_C01,6.25111E+12,1.0,2.0,1.0,1.0,1.4285714285714286,0.9285714285714286,3,0,10,0.0
2024-01-01,Ph01_Z01_C01,6.25116E+12,4.0,0.0,0.0,0.0,4.0,4.0,0,0,1,2.0
2024-01-02,Ph01_Z01_C01,6.25116E+12,2.0,4.0,0.0,0.0,3.0,3.0,1,0,1,1.0
2024-01-03,Ph01_Z01_C01,6.25116E+12,1.0,2.0,0.0,0.0,2.3333333333333335,2.3333333333333335,2,0,1,0.0
2024-01-04,Ph01_Z01_C01,6.25116E+12,0.0,1.0,0.0,0.0,1.75,1.75,3,0,1,6.0
2024-01-05,Ph01_Z01_C01,6.25116E+12,6.0,0.0,0.0,0.0,2.6,2.6,4,0,1,2.0
2024-01-06,Ph01_Z01_C01,6.25116E+12,2.0,6.0,0.0,0.0,2.5,2.5,5,1,1,1.0
2024-01-07,Ph01_Z01_C01,6.25116E+12,1.0,2.0,0.0,0.0,2.2857142857142856,2.2857142857142856,6,1,1,3.0
2024-01-08,Ph01_Z01_C01,6.25116E+12,3.0,1.0,4.0,0.0,2.142857142857143,2.375,0,0,1,1.0
2024-01-09,Ph01_Z01_C01,6.25116E+12,1.0,3.0,2.0,0.0,2.0,2.2222222222222223,1,0,1,2.0
2024-01-10,Ph01_Z01_C01,6.25116E+12,2.0,1.0,1.0,0.0,2.142857142857143,2.2,2,0,1,1.0
2024-01-11,Ph01_Z01_C01,6.25116E+12,1.0,2.0,0.0,0.0,2.2857142857142856,2.090909090909091,3,0,1,2.0
2024-01-12,Ph01_Z01_C01,6.25116E+12,2.0,1.0,6.0,0.0,1.7142857142857142,2.0833333333333335,4,0,1,2.0
2024-01-13,Ph01_Z01_C01,6.25116E+12,2.0,2.0,2.0,0.0,1.7142857142857142,2.076923076923077,5,1,1,2.0
2024-01-14,Ph01_Z01_C01,6.25116E+12,2.0,2.0,1.0,0.0,1.8571428571428572,2.0714285714285716,6,1,1,3.0
2024-01-15,Ph01_Z01_C01,6.25116E+12,3.0,2.0,3.0,4.0,1.8571428571428572,2.0,0,0,1,1.0
2024-01-16,Ph01_Z01_C01,6.25116E+12,1.0,3.0,1.0,2.0,1.8571428571428572,1.9285714285714286,1,0,1,2.0
2024-01-17,Ph01_Z01_C01,6.25116E+12,2.0,1.0,2.0,1.0,1.8571428571428572,2.0,2,0,1,1.0
2024-01-18,Ph01_Z01_C01,6.25116E+12,1.0,2.0,1.0,0.0,1.8571428571428572,2.0714285714285716,3,0,1,1.0
2024-01-19,Ph01_Z01_C01,6.25116E+12,1.0,1.0,2.0,6.0,1.7142857142857142,1.7142857142857142,4,0,1,0.0
2024-01-20,Ph01_Z01_C01,6.25116E+12,0.0,1.0,2.0,2.0,1.4285714285714286,1.5714285714285714,5,1,1,1.0
2024-01-21,Ph01_Z01_C01,6.25116E+12,1.0,0.0,2.0,1.0,1.2857142857142858,1.5714285714285714,6,1,1,3.0
2024-01-22,Ph01_Z01_C01,6.25116E+12,3.0,1.0,3.0,3.0,1.2857142857142858,1.5714285714285714,0,0,1,0.0
2024-01-23,Ph01_Z01_C01,6.25116E+12,0.0,3.0,1.0,1.0,1.1428571428571428,1.5,1,0,1,3.0
2024-01-24,Ph01_Z01_C01,6.25116E+12,3.0,0.0,2.0,2.0,1.2857142857142858,1.5714285714285714,2,0,1,1.0
2024-01-25,Ph01_Z01_C01,6.25116E+12,1.0,3.0,1.0,1.0,1.2857142857142858,1.5714285714285714,3,0,1,0.0
2024-01-26,Ph01_Z01_C01,6.25116E+12,0.0,1.0,1.0,2.0,1.1428571428571428,1.4285714285714286,4,0,1,0.0
2024-01-27,Ph01_Z01_C01,6.25116E+12,0.0,0.0,0.0,2.0,1.1428571428571428,1.2857142857142858,5,1,1,0.0
2024-01-28,Ph01_Z01_C01,6.25116E+12,0.0,0.0,1.0,2.0,1.0,1.1428571428571428,6,1,1,2.0
2024-01-29,Ph01_Z01_C01,6.25116E+12,2.0,0.0,3.0,3.0,0.8571428571428571,1.0714285714285714,0,0,1,1.0
2024-01-30,Ph01_Z01_C01,6.25116E+12,1.0,2.0,0.0,1.0,1.0,1.0714285714285714,1,0,1,1.0
2024-01-31,Ph01_Z01_C01,6.25116E+12,1.0,1.0,3.0,2.0,0.7142857142857143,1.0,2,0,1,3.0
2024-02-01,Ph01_Z01_C01,6.25116E+12,3.0,1.0,1.0,1.0,1.0,1.1428571428571428,3,0,2,0.0
2024-02-02,Ph01_Z01_C01,6.25116E+12,0.0,3.0,0.0,1.0,1.0,1.0714285714285714,4,0,2,0.0
2024-02-03,Ph01_Z01_C01,6.25116E+12,0.0,0.0,0.0,0.0,1.0,1.0714285714285714,5,1,2,3.0
2024-02-04,Ph01_Z01_C01,6.25116E+12,3.0,0.0,0.0,1.0,1.4285714285714286,1.2142857142857142,6,1,2,0.0
2024-02-05,Ph01_Z01_C01,6.25116E+12,0.0,3.0,2.0,3.0,1.1428571428571428,1.0,0,0,2,3.0
2024-02-06,Ph01_Z01_C01,6.25116E+12,3.0,0.0,1.0,0.0,1.4285714285714286,1.2142857142857142,1,0,2,0.0
2024-02-07,Ph01_Z01_C01,6.25116E+12,0.0,3.0,1.0,3.0,1.2857142857142858,1.0,2,0,2,2.0
2024-02-08,Ph01_Z01_C01,6.25116E+12,2.0,0.0,3.0,1.0,1.1428571428571428,1.0714285714285714,3,0,2,0.0
2024-02-09,Ph01_Z01_C01,6.25116E+12,0.0,2.0,0.0,0.0,1.1428571428571428,1.0714285714285714,4,0,2,0.0
2024-02-10,Ph01_Z01_C01,6.25116E+12,0.0,0.0,0.0,0.0,1.1428571428571428,1.0714285714285714,5,1,2,1.0
2024-02-11,Ph01_Z01_C01,6.25116E+12,1.0,0.0,3.0,0.0,0.8571428571428571,1.1428571428571428,6,1,2,0.0
2024-02-12,Ph01_Z01_C01,6.25116E+12,0.0,1.0,0.0,2.0,0.8571428571428571,1.0,0,0,2,3.0
2024-02-13,Ph01_Z01_C01,6.25116E+12,3.0,0.0,3.0,1.0,0.8571428571428571,1.1428571428571428,1,0,2,2.0
2024-02-14,Ph01_Z01_C01,6.25116E+12,2.0,3.0,0.0,1.0,1.1428571428571428,1.2142857142857142,2,0,2,3.0
2024-02-15,Ph01_Z01_C01,6.25116E+12,3.0,2.0,2.0,3.0,1.2857142857142858,1.2142857142857142,3,0,2,0.0
2024-02-16,Ph01_Z01_C01,6.25116E+12,0.0,3.0,0.0,0.0,1.2857142857142858,1.2142857142857142,4,0,2,5.0
2024-02-17,Ph01_Z01_C01,6.25116E+12,5.0,0.0,0.0,0.0,2.0,1.5714285714285714,5,1,2,4.0
2024-02-18,Ph01_Z01_C01,6.25116E+12,4.0,5.0,1.0,3.0,2.4285714285714284,1.6428571428571428,6,1,2,2.0
2024-02-19,Ph01_Z01_C01,6.25116E+12,2.0,4.0,0.0,0.0,2.7142857142857144,1.7857142857142858,0,0,2,0.0
2024-02-20,Ph01_Z01_C01,6.25116E+12,0.0,2.0,3.0,3.0,2.2857142857142856,1.5714285714285714,1,0,2,0.0
2024-02-21,Ph01_Z01_C01,6.25116E+12,0.0,0.0,2.0,0.0,2.0,1.5714285714285714,2,0,2,0.0
2024-02-22,Ph01_Z01_C01,6.25116E+12,0.0,0.0,3.0,2.0,1.5714285714285714,1.4285714285714286,3,0,2,1.0
2024-02-23,Ph01_Z01_C01,6.25116E+12,1.0,0.0,0.0,0.0,1.7142857142857142,1.5,4,0,2,1.0
2024-02-24,Ph01_Z01_C01,6.25116E+12,1.0,1.0,5.0,0.0,1.1428571428571428,1.5714285714285714,5,1,2,1.0
2024-02-25,Ph01_Z01_C01,6.25116E+12,1.0,1.0,4.0,1.0,0.7142857142857143,1.5714285714285714,6,1,2,1.0
2024-02-26,Ph01_Z01_C01,6.25116E+12,1.0,1.0,2.0,0.0,0.5714285714285714,1.6428571428571428,0,0,2,1.0
2024-02-27,Ph01_Z01_C01,6.25116E+12,1.0,1.0,0.0,3.0,0.7142857142857143,1.5,1,0,2,1.0
2024-02-28,Ph01_Z01_C01,6.25116E+12,1.0,1.0,0.0,2.0,0.8571428571428571,1.4285714285714286,2,0,2,0.0
2024-02-29,Ph01_Z01_C01,6.25116E+12,0.0,1.0,0.0,3.0,0.8571428571428571,1.2142857142857142,3,0,2,0.0
2024-03-01,Ph01_Z01_C01,6.25116E+12,0.0,0.0,1.0,0.0,0.7142857142857143,1.2142857142857142,4,0,3,1.0
2024-03-02,Ph01_Z01_C01,6.25116E+12,1.0,0.0,1.0,5.0,0.7142857142857143,0.9285714285714286,5,1,3,1.0
2024-03-03,Ph01_Z01_C01,6.25116E+12,1.0,1.0,1.0,4.0,0.7142857142857143,0.7142857142857143,6,1,3,0.0
2024-03-04,Ph01_Z01_C01,6.25116E+12,0.0,1.0,1.0,2.0,0.5714285714285714,0.5714285714285714,0,0,3,3.0
2024-03-05,Ph01_Z01_C01,6.25116E+12,3.0,0.0,1.0,0.0,0.8571428571428571,0.7857142857142857,1,0,3,0.0
2024-03-06,Ph01_Z01_C01,6.25116E+12,0.0,3.0,1.0,0.0,0.7142857142857143,0.7857142857142857,2,0,3,0.0
2024-03-07,Ph01_Z01_C01,6.25116E+12,0.0,0.0,0.0,0.0,0.7142857142857143,0.7857142857142857,3,0,3,2.0
2024-03-08,Ph01_Z01_C01,6.25116E+12,2.0,0.0,0.0,1.0,1.0,0.8571428571428571,4,0,3,1.0
2024-03-09,Ph01_Z01_C01,6.25116E+12,1.0,2.0,1.0,1.0,1.0,0.8571428571428571,5,1,3,2.0
2024-03-10,Ph01_Z01_C01,6.25116E+12,2.0,1.0,1.0,1.0,1.1428571428571428,0.9285714285714286,6,1,3,2.0
2024-03-11,Ph01_Z01_C01,6.25116E+12,2.0,2.0,0.0,1.0,1.4285714285714286,1.0,0,0,3,1.0
2024-03-12,Ph01_Z01_C01,6.25116E+12,1.0,2.0,3.0,1.0,1.1428571428571428,1.0,1,0,3,0.0
2024-03-13,Ph01_Z01_C01,6.25116E+12,0.0,1.0,0.0,1.0,1.1428571428571428,0.9285714285714286,2,0,3,0.0
2024-03-14,Ph01_Z01_C01,6.25116E+12,0.0,0.0,0.0,0.0,1.1428571428571428,0.9285714285714286,3,0,3,1.0
2024-03-15,Ph01_Z01_C01,6.25116E+12,1.0,0.0,2.0,0.0,1.0,1.0,4,0,3,0.0
2024-03-16,Ph01_Z01_C01,6.25116E+12,0.0,1.0,1.0,1.0,0.8571428571428571,0.9285714285714286,5,1,3,4.0
2024-03-17,Ph01_Z01_C01,6.25116E+12,4.0,0.0,2.0,1.0,1.1428571428571428,1.1428571428571428,6,1,3,0.0
2024-03-18,Ph01_Z01_C01,6.25116E+12,0.0,4.0,2.0,0.0,0.8571428571428571,1.1428571428571428,0,0,3,5.0
2024-03-19,Ph01_Z01_C01,6.25116E+12,5.0,0.0,1.0,3.0,1.4285714285714286,1.2857142857142858,1,0,3,1.0
2024-03-20,Ph01_Z01_C01,6.25116E+12,1.0,5.0,0.0,0.0,1.5714285714285714,1.3571428571428572,2,0,3,1.0
2024-03-21,Ph01_Z01_C01,6.25116E+12,1.0,1.0,0.0,0.0,1.7142857142857142,1.4285714285714286,3,0,3,0.0
2024-03-22,Ph01_Z01_C01,6.25116E+12,0.0,1.0,1.0,2.0,1.5714285714285714,1.2857142857142858,4,0,3,5.0
2024-03-23,Ph01_Z01_C01,6.25116E+12,5.0,0.0,0.0,1.0,2.2857142857142856,1.5714285714285714,5,1,3,3.0
2024-03-24,Ph01_Z01_C01,6.25116E+12,3.0,5.0,4.0,2.0,2.142857142857143,1.6428571428571428,6,1,3,2.0
2024-03-25,Ph01_Z01_C01,6.25116E+12,2.0,3.0,0.0,2.0,2.4285714285714284,1.6428571428571428,0,0,3,2.0
2024-03-26,Ph01_Z01_C01,6.25116E+12,2.0,2.0,5.0,1.0,2.0,1.7142857142857142,1,0,3,2.0
2024-03-27,Ph01_Z01_C01,6.25116E+12,2.0,2.0,1.0,0.0,2.142857142857143,1.8571428571428572,2,0,3,1.0
2024-03-28,Ph01_Z01_C01,6.25116E+12,1.0,2.0,1.0,0.0,2.142857142857143,1.9285714285714286,3,0,3,0.0
2024-03-29,Ph01_Z01_C01,6.25116E+12,0.0,1.0,0.0,1.0,2.142857142857143,1.8571428571428572,4,0,3,2.0
2024-03-30,Ph01_Z01_C01,6.25116E+12,2.0,0.0,5.0,0.0,1.7142857142857142,2.0,5,1,3,2.0
2024-03-31,Ph01_Z01_C01,6.25116E+12,2.0,2.0,3.0,4.0,1.5714285714285714,1.8571428571428572,6,1,3,1.0
2024-04-01,Ph01_Z01_C01,6.25116E+12,1.0,2.0,2.0,0.0,1.4285714285714286,1.9285714285714286,0,0,4,2.0
2024-04-02,Ph01_Z01_C01,6.25116E+12,2.0,1.0,2.0,5.0,1.4285714285714286,1.7142857142857142,1,0,4,0.0
2024-04-03,Ph01_Z01_C01,6.25116E+12,0.0,2.0,2.0,1.0,1.1428571428571428,1.6428571428571428,2,0,4,1.0
2024-04-04,Ph01_Z01_C01,6.25116E+12,1.0,0.0,1.0,1.0,1.1428571428571428,1.6428571428571428,3,0,4,1.0
2024-04-05,Ph01_Z01_C01,6.25116E+12,1.0,1.0,0.0,0.0,1.2857142857142858,1.7142857142857142,4,0,4,1.0
2024-04-06,Ph01_Z01_C01,6.25116E+12,1.0,1.0,2.0,5.0,1.1428571428571428,1.4285714285714286,5,1,4,0.0
2024-04-07,Ph01_Z01_C01,6.25116E+12,0.0,1.0,2.0,3.0,0.8571428571428571,1.2142857142857142,6,1,4,0.0
2024-04-08,Ph01_Z01_C01,6.25116E+12,0.0,0.0,1.0,2.0,0.7142857142857143,1.0714285714285714,0,0,4,0.0
2024-04-09,Ph01_Z01_C01,6.25116E+12,0.0,0.0,2.0,2.0,0.42857142857142855,0.9285714285714286,1,0,4,2.0
2024-04-10,Ph01_Z01_C01,6.25116E+12,2.0,0.0,0.0,2.0,0.7142857142857143,0.9285714285714286,2,0,4,1.0
2024-04-11,Ph01_Z01_C01,6.25116E+12,1.0,2.0,1.0,1.0,0.7142857142857143,0.9285714285714286,3,0,4,0.0
2024-04-12,Ph01_Z01_C01,6.25116E+12,0.0,1.0,1.0,0.0,0.5714285714285714,0.9285714285714286,4,0,4,1.0
2024-04-13,Ph01_Z01_C01,6.25116E+12,1.0,0.0,1.0,2.0,0.5714285714285714,0.8571428571428571,5,1,4,1.0
2024-04-14,Ph01_Z01_C01,6.25116E+12,1.0,1.0,0.0,2.0,0.7142857142857143,0.7857142857142857,6,1,4,2.0
2024-04-15,Ph01_Z01_C01,6.25116E+12,2.0,1.0,0.0,1.0,1.0,0.8571428571428571,0,0,4,2.0
2024-04-16,Ph01_Z01_C01,6.25116E+12,2.0,2.0,0.0,2.0,1.2857142857142858,0.8571428571428571,1,0,4,2.0
2024-04-17,Ph01_Z01_C01,6.25116E+12,2.0,2.0,2.0,0.0,1.2857142857142858,1.0,2,0,4,2.0
2024-04-18,Ph01_Z01_C01,6.25116E+12,2.0,2.0,1.0,1.0,1.4285714285714286,1.0714285714285714,3,0,4,0.0
2024-04-19,Ph01_Z01_C01,6.25116E+12,0.0,2.0,0.0,1.0,1.4285714285714286,1.0,4,0,4,0.0
2024-04-20,Ph01_Z01_C01,6.25116E+12,0.0,0.0,1.0,1.0,1.2857142857142858,0.9285714285714286,5,1,4,2.0
2024-04-21,Ph01_Z01_C01,6.25116E+12,2.0,0.0,1.0,0.0,1.4285714285714286,1.0714285714285714,6,1,4,5.0
2024-04-22,Ph01_Z01_C01,6.25116E+12,5.0,2.0,2.0,0.0,1.8571428571428572,1.4285714285714286,0,0,4,0.0
2024-04-23,Ph01_Z01_C01,6.25116E+12,0.0,5.0,2.0,0.0,1.5714285714285714,1.4285714285714286,1,0,4,2.0
2024-04-24,Ph01_Z01_C01,6.25116E+12,2.0,0.0,2.0,2.0,1.5714285714285714,1.4285714285714286,2,0,4,3.0
2024-04-25,Ph01_Z01_C01,6.25116E+12,3.0,2.0,2.0,1.0,1.7142857142857142,1.5714285714285714,3,0,4,1.0
2024-04-26,Ph01_Z01_C01,6.25116E+12,1.0,3.0,0.0,0.0,1.8571428571428572,1.6428571428571428,4,0,4,3.0
2024-04-27,Ph01_Z01_C01,6.25116E+12,3.0,1.0,0.0,1.0,2.2857142857142856,1.7857142857142858,5,1,4,0.0
2024-04-28,Ph01_Z01_C01,6.25116E+12,0.0,3.0,2.0,1.0,2.0,1.7142857142857142,6,1,4,1.0
2024-04-29,Ph01_Z01_C01,6.25116E+12,1.0,0.0,5.0,2.0,1.4285714285714286,1.6428571428571428,0,0,4,1.0
2024-04-30,Ph01_Z01_C01,6.25116E+12,1.0,1.0,0.0,2.0,1.5714285714285714,1.5714285714285714,1,0,4,2.0
2024-05-01,Ph01_Z01_C01,6.25116E+12,2.0,1.0,2.0,2.0,1.5714285714285714,1.5714285714285714,2,0,5,8.0
2024-05-02,Ph01_Z01_C01,6.25116E+12,8.0,2.0,3.0,2.0,2.2857142857142856,2.0,3,0,5,1.0
2024-05-03,Ph01_Z01_C01,6.25116E+12,1.0,8.0,1.0,0.0,2.2857142857142856,2.0714285714285716,4,0,5,3.0
2024-05-04,Ph01_Z01_C01,6.25116E+12,3.0,1.0,3.0,0.0,2.2857142857142856,2.2857142857142856,5,1,5,0.0
2024-05-05,Ph01_Z01_C01,6.25116E+12,0.0,3.0,0.0,2.0,2.2857142857142856,2.142857142857143,6,1,5,2.0
2024-05-06,Ph01_Z01_C01,6.25116E+12,2.0,0.0,1.0,5.0,2.4285714285714284,1.9285714285714286,0,0,5,0.0
2024-05-07,Ph01_Z01_C01,6.25116E+12,0.0,2.0,1.0,0.0,2.2857142857142856,1.9285714285714286,1,0,5,4.0
2024-05-08,Ph01_Z01_C01,6.25116E+12,4.0,0.0,2.0,2.0,2.5714285714285716,2.0714285714285716,2,0,5,2.0
2024-05-09,Ph01_Z01_C01,6.25116E+12,2.0,4.0,8.0,3.0,1.7142857142857142,2.0,3,0,5,0.0
2024-05-10,Ph01_Z01_C01,6.25116E+12,0.0,2.0,1.0,1.0,1.5714285714285714,1.9285714285714286,4,0,5,0.0
2024-05-11,Ph01_Z01_C01,6.25116E+12,0.0,0.0,3.0,3.0,1.1428571428571428,1.7142857142857142,5,1,5,1.0
2024-05-12,Ph01_Z01_C01,6.25116E+12,1.0,0.0,0.0,0.0,1.2857142857142858,1.7857142857142858,6,1,5,5.0
2024-05-13,Ph01_Z01_C01,6.25116E+12,5.0,1.0,2.0,1.0,1.7142857142857142,2.0714285714285716,0,0,5,0.0
2024-05-14,Ph01_Z01_C01,6.25116E+12,0.0,5.0,0.0,1.0,1.7142857142857142,2.0,1,0,5,2.0
2024-05-15,Ph01_Z01_C01,6.25116E+12,2.0,0.0,4.0,2.0,1.4285714285714286,2.0,2,0,5,2.0
2024-05-16,Ph01_Z01_C01,6.25116E+12,2.0,2.0,2.0,8.0,1.4285714285714286,1.5714285714285714,3,0,5,5.0
2024-05-17,Ph01_Z01_C01,6.25116E+12,5.0,2.0,0.0,1.0,2.142857142857143,1.8571428571428572,4,0,5,1.0
2024-05-18,Ph01_Z01_C01,6.25116E+12,1.0,5.0,0.0,3.0,2.2857142857142856,1.7142857142857142,5,1,5,2.0
2024-05-19,Ph01_Z01_C01,6.25116E+12,2.0,1.0,1.0,0.0,2.4285714285714284,1.8571428571428572,6,1,5,1.0
2024-05-20,Ph01_Z01_C01,6.25116E+12,1.0,2.0,5.0,2.0,1.8571428571428572,1.7857142857142858,0,0,5,2.0
2024-05-21,Ph01_Z01_C01,6.25116E+12,2.0,1.0,0.0,0.0,2.142857142857143,1.9285714285714286,1,0,5,4.0
2024-05-22,Ph01_Z01_C01,6.25116E+12,4.0,2.0,2.0,4.0,2.4285714285714284,1.9285714285714286,2,0,5,2.0
2024-05-23,Ph01_Z01_C01,6.25116E+12,2.0,4.0,2.0,2.0,2.4285714285714284,1.9285714285714286,3,0,5,9.0
2024-05-24,Ph01_Z01_C01,6.25116E+12,9.0,2.0,5.0,0.0,3.0,2.5714285714285716,4,0,5,2.0
2024-05-25,Ph01_Z01_C01,6.25116E+12,2.0,9.0,1.0,0.0,3.142857142857143,2.7142857142857144,5,1,5,1.0
2024-05-26,Ph01_Z01_C01,6.25116E+12,1.0,2.0,2.0,1.0,3.0,2.7142857142857144,6,1,5,1.0
2024-05-27,Ph01_Z01_C01,6.25116E+12,1.0,1.0,1.0,5.0,3.0,2.4285714285714284,0,0,5,2.0
2024-05-28,Ph01_Z01_C01,6.25116E+12,2.0,1.0,2.0,0.0,3.0,2.5714285714285716,1,0,5,0.0
2024-05-29,Ph01_Z01_C01,6.25116E+12,0.0,2.0,4.0,2.0,2.4285714285714284,2.4285714285714284,2,0,5,2.0
2024-05-30,Ph01_Z01_C01,6.25116E+12,2.0,0.0,2.0,2.0,2.4285714285714284,2.4285714285714284,3,0,5,1.0
2024-05-31,Ph01_Z01_C01,6.25116E+12,1.0,2.0,9.0,5.0,1.2857142857142858,2.142857142857143,4,0,5,1.0
2024-06-01,Ph01_Z01_C01,6.25116E+12,1.0,1.0,2.0,1.0,1.1428571428571428,2.142857142857143,5,1,6,1.0
2024-06-02,Ph01_Z01_C01,6.25116E+12,1.0,1.0,1.0,2.0,1.1428571428571428,2.0714285714285716,6,1,6,2.0
2024-06-03,Ph01_Z01_C01,6.25116E+12,2.0,1.0,1.0,1.0,1.2857142857142858,2.142857142857143,0,0,6,1.0
2024-06-04,Ph01_Z01_C01,6.25116E+12,1.0,2.0,2.0,2.0,1.1428571428571428,2.0714285714285716,1,0,6,0.0
2024-06-05,Ph01_Z01_C01,6.25116E+12,0.0,1.0,0.0,4.0,1.1428571428571428,1.7857142857142858,2,0,6,0.0
2024-06-06,Ph01_Z01_C01,6.25116E+12,0.0,0.0,2.0,2.0,0.8571428571428571,1.6428571428571428,3,0,6,1.0
2024-06-07,Ph01_Z01_C01,6.25116E+12,1.0,0.0,1.0,9.0,0.8571428571428571,1.0714285714285714,4,0,6,4.0
2024-06-08,Ph01_Z01_C01,6.25116E+12,4.0,1.0,1.0,2.0,1.2857142857142858,1.2142857142857142,5,1,6,0.0
2024-06-09,Ph01_Z01_C01,6.25116E+12,0.0,4.0,1.0,1.0,1.1428571428571428,1.1428571428571428,6,1,6,3.0
2024-06-10,Ph01_Z01_C01,6.25116E+12,3.0,0.0,2.0,1.0,1.2857142857142858,1.2857142857142858,0,0,6,1.0
2024-06-11,Ph01_Z01_C01,6.25116E+12,1.0,3.0,1.0,2.0,1.2857142857142858,1.2142857142857142,1,0,6,0.0
2024-06-12,Ph01_Z01_C01,6.25116E+12,0.0,1.0,0.0,0.0,1.2857142857142858,1.2142857142857142,2,0,6,0.0
2024-06-13,Ph01_Z01_C01,6.25116E+12,0.0,0.0,0.0,2.0,1.2857142857142858,1.0714285714285714,3,0,6,1.0
2024-06-14,Ph01_Z01_C01,6.25116E+12,1.0,0.0,1.0,1.0,1.2857142857142858,1.0714285714285714,4,0,6,2.0
2024-06-15,Ph01_Z01_C01,6.25116E+12,2.0,1.0,4.0,1.0,1.0,1.1428571428571428,5,1,6,3.0
2024-06-16,Ph01_Z01_C01,6.25116E+12,3.0,2.0,0.0,1.0,1.4285714285714286,1.2857142857142858,6,1,6,2.0
2024-06-17,Ph01_Z01_C01,6.25116E+12,2.0,3.0,3.0,2.0,1.2857142857142858,1.2857142857142858,0,0,6,0.0
2024-06-18,Ph01_Z01_C01,6.25116E+12,0.0,2.0,1.0,1.0,1.1428571428571428,1.2142857142857142,1,0,6,1.0
2024-06-19,Ph01_Z01_C01,6.25116E+12,1.0,0.0,0.0,0.0,1.2857142857142858,1.2857142857142858,2,0,6,2.0
2024-06-20,Ph01_Z01_C01,6.25116E+12,2.0,1.0,0.0,0.0,1.5714285714285714,1.4285714285714286,3,0,6,1.0
2024-06-21,Ph01_Z01_C01,6.25116E+12,1.0,2.0,1.0,1.0,1.5714285714285714,1.4285714285714286,4,0,6,4.0
2024-06-22,Ph01_Z01_C01,6.25116E+12,4.0,1.0,2.0,4.0,1.8571428571428572,1.4285714285714286,5,1,6,0.0
2024-06-23,Ph01_Z01_C01,6.25116E+12,0.0,4.0,3.0,0.0,1.4285714285714286,1.4285714285714286,6,1,6,0.0
2024-06-24,Ph01_Z01_C01,6.25116E+12,0.0,0.0,2.0,3.0,1.1428571428571428,1.2142857142857142,0,0,6,1.0
2024-06-25,Ph01_Z01_C01,6.25116E+12,1.0,0.0,0.0,1.0,1.2857142857142858,1.2142857142857142,1,0,6,1.0
2024-06-26,Ph01_Z01_C01,6.25116E+12,1.0,1.0,1.0,0.0,1.2857142857142858,1.2857142857142858,2,0,6,3.0
2024-06-27,Ph01_Z01_C01,6.25116E+12,3.0,1.0,2.0,0.0,1.4285714285714286,1.5,3,0,6,2.0
2024-06-28,Ph01_Z01_C01,6.25116E+12,2.0,3.0,1.0,1.0,1.5714285714285714,1.5714285714285714,4,0,6,0.0
2024-06-29,Ph01_Z01_C01,6.25116E+12,0.0,2.0,4.0,2.0,1.0,1.4285714285714286,5,1,6,1.0
2024-06-30,Ph01_Z01_C01,6.25116E+12,1.0,0.0,0.0,3.0,1.1428571428571428,1.2857142857142858,6,1,6,2.0
2024-07-01,Ph01_Z01_C01,6.25116E+12,2.0,1.0,0.0,2.0,1.4285714285714286,1.2857142857142858,0,0,7,4.0
2024-07-02,Ph01_Z01_C01,6.25116E+12,4.0,2.0,1.0,0.0,1.8571428571428572,1.5714285714285714,1,0,7,1.0
2024-07-03,Ph01_Z01_C01,6.25116E+12,1.0,4.0,1.0,1.0,1.8571428571428572,1.5714285714285714,2,0,7,1.0
2024-07-04,Ph01_Z01_C01,6.25116E+12,1.0,1.0,3.0,2.0,1.5714285714285714,1.5,3,0,7,2.0
2024-07-05,Ph01_Z01_C01,6.25116E+12,2.0,1.0,2.0,1.0,1.5714285714285714,1.5714285714285714,4,0,7,3.0
2024-07-06,Ph01_Z01_C01,6.25116E+12,3.0,2.0,0.0,4.0,2.0,1.5,5,1,7,0.0
2024-07-07,Ph01_Z01_C01,6.25116E+12,0.0,3.0,1.0,0.0,1.8571428571428572,1.5,6,1,7,5.0
2024-07-08,Ph01_Z01_C01,6.25116E+12,5.0,0.0,2.0,0.0,2.2857142857142856,1.8571428571428572,0,0,7,2.0
2024-07-09,Ph01_Z01_C01,6.25116E+12,2.0,5.0,4.0,1.0,2.0,1.9285714285714286,1,0,7,1.0
2024-07-10,Ph01_Z01_C01,6.25116E+12,1.0,2.0,1.0,1.0,2.0,1.9285714285714286,2,0,7,4.0
2024-07-11,Ph01_Z01_C01,6.25116E+12,4.0,1.0,1.0,3.0,2.4285714285714284,2.0,3,0,7,5.0
2024-07-12,Ph01_Z01_C01,6.25116E+12,5.0,4.0,2.0,2.0,2.857142857142857,2.2142857142857144,4,0,7,3.0
2024-07-13,Ph01_Z01_C01,6.25116E+12,3.0,5.0,3.0,0.0,2.857142857142857,2.4285714285714284,5,1,7,2.0
2024-07-14,Ph01_Z01_C01,6.25116E+12,2.0,3.0,0.0,1.0,3.142857142857143,2.5,6,1,7,0.0
2024-07-15,Ph01_Z01_C01,6.25116E+12,0.0,2.0,5.0,2.0,2.4285714285714284,2.357142857142857,0,0,7,2.0
2024-07-16,Ph01_Z01_C01,6.25116E+12,2.0,0.0,2.0,4.0,2.4285714285714284,2.2142857142857144,1,0,7,0.0
2024-07-17,Ph01_Z01_C01,6.25116E+12,0.0,2.0,1.0,1.0,2.2857142857142856,2.142857142857143,2,0,7,4.0
2024-07-18,Ph01_Z01_C01,6.25116E+12,4.0,0.0,4.0,1.0,2.2857142857142856,2.357142857142857,3,0,7,1.0
2024-07-19,Ph01_Z01_C01,6.25116E+12,1.0,4.0,5.0,2.0,1.7142857142857142,2.2857142857142856,4,0,7,3.0
2024-07-20,Ph01_Z01_C01,6.25116E+12,3.0,1.0,3.0,3.0,1.7142857142857142,2.2857142857142856,5,1,7,0.0
2024-07-21,Ph01_Z01_C01,6.25116E+12,0.0,3.0,2.0,0.0,1.4285714285714286,2.2857142857142856,6,1,7,1.0
2024-07-22,Ph01_Z01_C01,6.25116E+12,1.0,0.0,0.0,5.0,1.5714285714285714,2.0,0,0,7,3.0
2024-07-23,Ph01_Z01_C01,6.25116E+12,3.0,1.0,2.0,2.0,1.7142857142857142,2.0714285714285716,1,0,7,3.0
2024-07-24,Ph01_Z01_C01,6.25116E+12,3.0,3.0,0.0,1.0,2.142857142857143,2.2142857142857144,2,0,7,0.0
2024-07-25,Ph01_Z01_C01,6.25116E+12,0.0,3.0,4.0,4.0,1.5714285714285714,1.9285714285714286,3,0,7,0.0
2024-07-26,Ph01_Z01_C01,6.25116E+12,0.0,0.0,1.0,5.0,1.4285714285714286,1.5714285714285714,4,0,7,0.0
2024-07-27,Ph01_Z01_C01,6.25116E+12,0.0,0.0,3.0,3.0,1.0,1.3571428571428572,5,1,7,2.0
2024-07-28,Ph01_Z01_C01,6.25116E+12,2.0,0.0,0.0,2.0,1.2857142857142858,1.3571428571428572,6,1,7,1.0
2024-07-29,Ph01_Z01_C01,6.25116E+12,1.0,2.0,1.0,0.0,1.2857142857142858,1.4285714285714286,0,0,7,2.0
2024-07-30,Ph01_Z01_C01,6.25116E+12,2.0,1.0,3.0,2.0,1.1428571428571428,1.4285714285714286,1,0,7,2.0
2024-07-31,Ph01_Z01_C01,6.25116E+12,2.0,2.0,3.0,0.0,1.0,1.5714285714285714,2,0,7,0.0
2024-08-01,Ph01_Z01_C01,6.25116E+12,0.0,2.0,0.0,4.0,1.0,1.2857142857142858,3,0,8,2.0
2024-08-02,Ph01_Z01_C01,6.25116E+12,2.0,0.0,0.0,1.0,1.2857142857142858,1.3571428571428572,4,0,8,1.0
2024-08-03,Ph01_Z01_C01,6.25116E+12,1.0,2.0,0.0,3.0,1.4285714285714286,1.2142857142857142,5,1,8,2.0
2024-08-04,Ph01_Z01_C01,6.25116E+12,2.0,1.0,2.0,0.0,1.4285714285714286,1.3571428571428572,6,1,8,3.0
2024-08-05,Ph01_Z01_C01,6.25116E+12,3.0,2.0,1.0,1.0,1.7142857142857142,1.5,0,0,8,2.0
2024-08-06,Ph01_Z01_C01,6.25116E+12,2.0,3.0,2.0,3.0,1.7142857142857142,1.4285714285714286,1,0,8,3.0
2024-08-07,Ph01_Z01_C01,6.25116E+12,3.0,2.0,2.0,3.0,1.8571428571428572,1.4285714285714286,2,0,8,4.0
2024-08-08,Ph01_Z01_C01,6.25116E+12,4.0,3.0,0.0,0.0,2.4285714285714284,1.7142857142857142,3,0,8,0.0
2024-08-09,Ph01_Z01_C01,6.25116E+12,0.0,4.0,2.0,0.0,2.142857142857143,1.7142857142857142,4,0,8,4.0
2024-08-10,Ph01_Z01_C01,6.25116E+12,4.0,0.0,1.0,0.0,2.5714285714285716,2.0,5,1,8,2.0
2024-08-11,Ph01_Z01_C01,6.25116E+12,2.0,4.0,2.0,2.0,2.5714285714285716,2.0,6,1,8,2.0
2024-08-12,Ph01_Z01_C01,6.25116E+12,2.0,2.0,3.0,1.0,2.4285714285714284,2.0714285714285716,0,0,8,0.0
2024-08-13,Ph01_Z01_C01,6.25116E+12,0.0,2.0,2.0,2.0,2.142857142857143,1.9285714285714286,1,0,8,2.0
2024-08-14,Ph01_Z01_C01,6.25116E+12,2.0,0.0,3.0,2.0,2.0,1.9285714285714286,2,0,8,2.0
2024-08-15,Ph01_Z01_C01,6.25116E+12,2.0,2.0,4.0,0.0,1.7142857142857142,2.0714285714285716,3,0,8,2.0
2024-08-16,Ph01_Z01_C01,6.25116E+12,2.0,2.0,0.0,2.0,2.0,2.0714285714285716,4,0,8,1.0
2024-08-17,Ph01_Z01_C01,6.25116E+12,1.0,2.0,4.0,1.0,1.5714285714285714,2.0714285714285716,5,1,8,1.0
2024-08-18,Ph01_Z01_C01,6.25116E+12,1.0,1.0,2.0,2.0,1.4285714285714286,2.0,6,1,8,1.0
2024-08-19,Ph01_Z01_C01,6.25116E+12,1.0,1.0,2.0,3.0,1.2857142857142858,1.8571428571428572,0,0,8,0.0
2024-08-20,Ph01_Z01_C01,6.25116E+12,0.0,1.0,0.0,2.0,1.2857142857142858,1.7142857142857142,1,0,8,3.0
2024-08-21,Ph01_Z01_C01,6.25116E+12,3.0,0.0,2.0,3.0,1.4285714285714286,1.7142857142857142,2,0,8,2.0
2024-08-22,Ph01_Z01_C01,6.25116E+12,2.0,3.0,2.0,4.0,1.4285714285714286,1.5714285714285714,3,0,8,2.0
2024-08-23,Ph01_Z01_C01,6.25116E+12,2.0,2.0,2.0,0.0,1.4285714285714286,1.7142857142857142,4,0,8,0.0
2024-08-24,Ph01_Z01_C01,6.25116E+12,0.0,2.0,1.0,4.0,1.2857142857142858,1.4285714285714286,5,1,8,1.0
2024-08-25,Ph01_Z01_C01,6.25116E+12,1.0,0.0,1.0,2.0,1.2857142857142858,1.3571428571428572,6,1,8,0.0
2024-08-26,Ph01_Z01_C01,6.25116E+12,0.0,1.0,1.0,2.0,1.1428571428571428,1.2142857142857142,0,0,8,1.0
2024-08-27,Ph01_Z01_C01,6.25116E+12,1.0,0.0,0.0,0.0,1.2857142857142858,1.2857142857142858,1,0,8,1.0
2024-08-28,Ph01_Z01_C01,6.25116E+12,1.0,1.0,3.0,2.0,1.0,1.2142857142857142,2,0,8,0.0
2024-08-29,Ph01_Z01_C01,6.25116E+12,0.0,1.0,2.0,2.0,0.7142857142857143,1.0714285714285714,3,0,8,3.0
2024-08-30,Ph01_Z01_C01,6.25116E+12,3.0,0.0,2.0,2.0,0.8571428571428571,1.1428571428571428,4,0,8,0.0
2024-08-31,Ph01_Z01_C01,6.25116E+12,0.0,3.0,0.0,1.0,0.8571428571428571,1.0714285714285714,5,1,8,1.0
2024-09-01,Ph01_Z01_C01,6.25116E+12,1.0,0.0,1.0,1.0,0.8571428571428571,1.0714285714285714,6,1,9,6.0
2024-09-02,Ph01_Z01_C01,6.25116E+12,6.0,1.0,0.0,1.0,1.7142857142857142,1.4285714285714286,0,0,9,4.0
2024-09-03,Ph01_Z01_C01,6.25116E+12,4.0,6.0,1.0,0.0,2.142857142857143,1.7142857142857142,1,0,9,0.0
2024-09-04,Ph01_Z01_C01,6.25116E+12,0.0,4.0,1.0,3.0,2.0,1.5,2,0,9,1.0
2024-09-05,Ph01_Z01_C01,6.25116E+12,1.0,0.0,0.0,2.0,2.142857142857143,1.4285714285714286,3,0,9,3.0
2024-09-06,Ph01_Z01_C01,6.25116E+12,3.0,1.0,3.0,2.0,2.142857142857143,1.5,4,0,9,1.0
2024-09-07,Ph01_Z01_C01,6.25116E+12,1.0,3.0,0.0,0.0,2.2857142857142856,1.5714285714285714,5,1,9,1.0
2024-09-08,Ph01_Z01_C01,6.25116E+12,1.0,1.0,1.0,1.0,2.2857142857142856,1.5714285714285714,6,1,9,2.0
2024-09-09,Ph01_Z01_C01,6.25116E+12,2.0,1.0,6.0,0.0,1.7142857142857142,1.7142857142857142,0,0,9,3.0
2024-09-10,Ph01_Z01_C01,6.25116E+12,3.0,2.0,4.0,1.0,1.5714285714285714,1.8571428571428572,1,0,9,3.0
2024-09-11,Ph01_Z01_C01,6.25116E+12,3.0,3.0,0.0,1.0,2.0,2.0,2,0,9,1.0
2024-09-12,Ph01_Z01_C01,6.25116E+12,1.0,3.0,1.0,0.0,2.0,2.0714285714285716,3,0,9,0.0
2024-09-13,Ph01_Z01_C01,6.25116E+12,0.0,1.0,3.0,3.0,1.5714285714285714,1.8571428571428572,4,0,9,1.0
2024-09-14,Ph01_Z01_C01,6.25116E+12,1.0,0.0,1.0,0.0,1.5714285714285714,1.9285714285714286,5,1,9,2.0
2024-09-15,Ph01_Z01_C01,6.25116E+12,2.0,1.0,1.0,1.0,1.7142857142857142,2.0,6,1,9,0.0
2024-09-16,Ph01_Z01_C01,6.25116E+12,0.0,2.0,2.0,6.0,1.4285714285714286,1.5714285714285714,0,0,9,1.0
2024-09-17,Ph01_Z01_C01,6.25116E+12,1.0,0.0,3.0,4.0,1.1428571428571428,1.3571428571428572,1,0,9,1.0
2024-09-18,Ph01_Z01_C01,6.25116E+12,1.0,1.0,3.0,0.0,0.8571428571428571,1.4285714285714286,2,0,9,4.0
2024-09-19,Ph01_Z01_C01,6.25116E+12,4.0,1.0,1.0,1.0,1.2857142857142858,1.6428571428571428,3,0,9,0.0
2024-09-20,Ph01_Z01_C01,6.25116E+12,0.0,4.0,0.0,3.0,1.2857142857142858,1.4285714285714286,4,0,9,2.0
2024-09-21,Ph01_Z01_C01,6.25116E+12,2.0,0.0,1.0,1.0,1.4285714285714286,1.5,5,1,9,1.0
2024-09-22,Ph01_Z01_C01,6.25116E+12,1.0,2.0,2.0,1.0,1.2857142857142858,1.5,6,1,9,0.0
2024-09-23,Ph01_Z01_C01,6.25116E+12,0.0,1.0,0.0,2.0,1.2857142857142858,1.3571428571428572,0,0,9,2.0
2024-09-24,Ph01_Z01_C01,6.25116E+12,2.0,0.0,1.0,3.0,1.4285714285714286,1.2857142857142858,1,0,9,1.0
2024-09-25,Ph01_Z01_C01,6.25116E+12,1.0,2.0,1.0,3.0,1.4285714285714286,1.1428571428571428,2,0,9,2.0
2024-09-26,Ph01_Z01_C01,6.25116E+12,2.0,1.0,4.0,1.0,1.1428571428571428,1.2142857142857142,3,0,9,2.0
2024-09-27,Ph01_Z01_C01,6.25116E+12,2.0,2.0,0.0,0.0,1.4285714285714286,1.3571428571428572,4,0,9,2.0
2024-09-28,Ph01_Z01_C01,6.25116E+12,2.0,2.0,2.0,1.0,1.4285714285714286,1.4285714285714286,5,1,9,2.0
2024-09-29,Ph01_Z01_C01,6.25116E+12,2.0,2.0,1.0,2.0,1.5714285714285714,1.4285714285714286,6,1,9,1.0
2024-09-30,Ph01_Z01_C01,6.25116E+12,1.0,2.0,0.0,0.0,1.7142857142857142,1.5,0,0,9,2.0
2024-10-01,Ph01_Z01_C01,6.25116E+12,2.0,1.0,2.0,1.0,1.7142857142857142,1.5714285714285714,1,0,10,0.0
2024-10-02,Ph01_Z01_C01,6.25116E+12,0.0,2.0,1.0,1.0,1.5714285714285714,1.5,2,0,10,0.0
2024-10-03,Ph01_Z01_C01,6.25116E+12,0.0,0.0,2.0,4.0,1.2857142857142858,1.2142857142857142,3,0,10,0.0
2024-10-04,Ph01_Z01_C01,6.25116E+12,0.0,0.0,2.0,0.0,1.0,1.2142857142857142,4,0,10,0.0
2024-10-05,Ph01_Z01_C01,6.25116E+12,0.0,0.0,2.0,2.0,0.7142857142857143,1.0714285714285714,5,1,10,2.0
2024-10-06,Ph01_Z01_C01,6.25116E+12,2.0,0.0,2.0,1.0,0.7142857142857143,1.1428571428571428,6,1,10,3.0
2024-10-07,Ph01_Z01_C01,6.25116E+12,3.0,2.0,1.0,0.0,1.0,1.3571428571428572,0,0,10,1.0
2024-10-08,Ph01_Z01_C01,6.25116E+12,1.0,3.0,2.0,2.0,0.8571428571428571,1.2857142857142858,1,0,10,1.0
2024-10-09,Ph01_Z01_C01,6.25116E+12,1.0,1.0,0.0,1.0,1.0,1.2857142857142858,2,0,10,5.0
2024-10-10,Ph01_Z01_C01,6.25116E+12,5.0,1.0,0.0,2.0,1.7142857142857142,1.5,3,0,10,2.0
2024-10-11,Ph01_Z01_C01,6.25116E+12,2.0,5.0,0.0,2.0,2.0,1.5,4,0,10,0.0
2024-10-12,Ph01_Z01_C01,6.25116E+12,0.0,2.0,0.0,2.0,2.0,1.3571428571428572,5,1,10,4.0
2024-10-13,Ph01_Z01_C01,6.25116E+12,4.0,0.0,2.0,2.0,2.2857142857142856,1.5,6,1,10,3.0
2024-10-14,Ph01_Z01_C01,6.25116E+12,3.0,4.0,3.0,1.0,2.2857142857142856,1.6428571428571428,0,0,10,1.0
2024-10-15,Ph01_Z01_C01,6.25116E+12,1.0,3.0,1.0,2.0,2.2857142857142856,1.5714285714285714,1,0,10,1.0
2024-10-16,Ph01_Z01_C01,6.25116E+12,1.0,1.0,1.0,0.0,2.2857142857142856,1.6428571428571428,2,0,10,1.0
2024-10-17,Ph01_Z01_C01,6.25116E+12,1.0,1.0,5.0,0.0,1.7142857142857142,1.7142857142857142,3,0,10,2.0
2024-10-18,Ph01_Z01_C01,6.25116E+12,2.0,1.0,2.0,0.0,1.7142857142857142,1.8571428571428572,4,0,10,3.0
2024-10-19,Ph01_Z01_C01,6.25116E+12,3.0,2.0,0.0,0.0,2.142857142857143,2.0714285714285716,5,1,10,3.0
2024-10-20,Ph01_Z01_C01,6.25116E+12,3.0,3.0,4.0,2.0,2.0,2.142857142857143,6,1,10,1.0
2024-10-21,Ph01_Z01_C01,6.25116E+12,1.0,3.0,3.0,3.0,1.7142857142857142,2.0,0,0,10,1.0
2024-10-22,Ph01_Z01_C01,6.25116E+12,1.0,1.0,1.0,1.0,1.7142857142857142,2.0,1,0,10,1.0
2024-10-23,Ph01_Z01_C01,6.25116E+12,1.0,1.0,1.0,1.0,1.7142857142857142,2.0,2,0,10,3.0
2024-10-24,Ph01_Z01_C01,6.25116E+12,3.0,1.0,1.0,5.0,2.0,1.8571428571428572,3,0,10,1.0
2024-10-25,Ph01_Z01_C01,6.25116E+12,1.0,3.0,2.0,2.0,1.8571428571428572,1.7857142857142858,4,0,10,1.0
2024-10-26,Ph01_Z01_C01,6.25116E+12,1.0,1.0,3.0,0.0,1.5714285714285714,1.8571428571428572,5,1,10,1.0
2024-10-27,Ph01_Z01_C01,6.25116E+12,1.0,1.0,3.0,4.0,1.2857142857142858,1.6428571428571428,6,1,10,0.0
2024-10-28,Ph01_Z01_C01,6.25116E+12,0.0,1.0,1.0,3.0,1.1428571428571428,1.4285714285714286,0,0,10,0.0
2024-10-29,Ph01_Z01_C01,6.25116E+12,0.0,0.0,1.0,1.0,1.0,1.3571428571428572,1,0,10,3.0
2024-10-30,Ph01_Z01_C01,6.25116E+12,3.0,0.0,1.0,1.0,1.2857142857142858,1.5,2,0,10,2.0
2024-10-31,Ph01_Z01_C01,6.25116E+12,2.0,3.0,3.0,1.0,1.1428571428571428,1.5714285714285714,3,0,10,1.0
2024-01-01,Ph01_Z01_C01,6.25188E+12,1.0,0.0,0.0,0.0,1.0,1.0,0,0,1,6.0
2024-01-02,Ph01_Z01_C01,6.25188E+12,6.0,1.0,0.0,0.0,3.5,3.5,1,0,1,1.0
2024-01-03,Ph01_Z01_C01,6.25188E+12,1.0,6.0,0.0,0.0,2.6666666666666665,2.6666666666666665,2,0,1,2.0
2024-01-04,Ph01_Z01_C01,6.25188E+12,2.0,1.0,0.0,0.0,2.5,2.5,3,0,1,3.0
2024-01-05,Ph01_Z01_C01,6.25188E+12,3.0,2.0,0.0,0.0,2.6,2.6,4,0,1,1.0
2024-01-06,Ph01_Z01_C01,6.25188E+12,1.0,3.0,0.0,0.0,2.3333333333333335,2.3333333333333335,5,1,1,2.0
2024-01-07,Ph01_Z01_C01,6.25188E+12,2.0,1.0,0.0,0.0,2.2857142857142856,2.2857142857142856,6,1,1,0.0
2024-01-08,Ph01_Z01_C01,6.25188E+12,0.0,2.0,1.0,0.0,2.142857142857143,2.0,0,0,1,1.0
2024-01-09,Ph01_Z01_C01,6.25188E+12,1.0,0.0,6.0,0.0,1.4285714285714286,1.8888888888888888,1,0,1,2.0
2024-01-10,Ph01_Z01_C01,6.25188E+12,2.0,1.0,1.0,0.0,1.5714285714285714,1.9,2,0,1,2.0
2024-01-11,Ph01_Z01_C01,6.25188E+12,2.0,2.0,2.0,0.0,1.5714285714285714,1.9090909090909092,3,0,1,1.0
2024-01-12,Ph01_Z01_C01,6.25188E+12,1.0,2.0,3.0,0.0,1.2857142857142858,1.8333333333333333,4,0,1,2.0
2024-01-13,Ph01_Z01_C01,6.25188E+12,2.0,1.0,1.0,0.0,1.4285714285714286,1.8461538461538463,5,1,1,2.0
2024-01-14,Ph01_Z01_C01,6.25188E+12,2.0,2.0,2.0,0.0,1.4285714285714286,1.8571428571428572,6,1,1,2.0
2024-01-15,Ph01_Z01_C01,6.25188E+12,2.0,2.0,0.0,1.0,1.7142857142857142,1.9285714285714286,0,0,1,1.0
2024-01-16,Ph01_Z01_C01,6.25188E+12,1.0,2.0,1.0,6.0,1.7142857142857142,1.5714285714285714,1,0,1,5.0
2024-01-17,Ph01_Z01_C01,6.25188E+12,5.0,1.0,2.0,1.0,2.142857142857143,1.8571428571428572,2,0,1,2.0
2024-01-18,Ph01_Z01_C01,6.25188E+12,2.0,5.0,2.0,2.0,2.142857142857143,1.8571428571428572,3,0,1,4.0
2024-01-19,Ph01_Z01_C01,6.25188E+12,4.0,2.0,1.0,3.0,2.5714285714285716,1.9285714285714286,4,0,1,3.0
2024-01-20,Ph01_Z01_C01,6.25188E+12,3.0,4.0,2.0,1.0,2.7142857142857144,2.0714285714285716,5,1,1,1.0
2024-01-21,Ph01_Z01_C01,6.25188E+12,1.0,3.0,2.0,2.0,2.5714285714285716,2.0,6,1,1,5.0
2024-01-22,Ph01_Z01_C01,6.25188E+12,5.0,1.0,2.0,0.0,3.0,2.357142857142857,0,0,1,5.0
2024-01-23,Ph01_Z01_C01,6.25188E+12,5.0,5.0,1.0,1.0,3.5714285714285716,2.642857142857143,1,0,1,1.0
2024-01-24,Ph01_Z01_C01,6.25188E+12,1.0,5.0,5.0,2.0,3.0,2.5714285714285716,2,0,1,0.0
2024-01-25,Ph01_Z01_C01,6.25188E+12,0.0,1.0,2.0,2.0,2.7142857142857144,2.4285714285714284,3,0,1,3.0
2024-01-26,Ph01_Z01_C01,6.25188E+12,3.0,0.0,4.0,1.0,2.5714285714285716,2.5714285714285716,4,0,1,1.0
2024-01-27,Ph01_Z01_C01,6.25188E+12,1.0,3.0,3.0,2.0,2.2857142857142856,2.5,5,1,1,2.0
2024-01-28,Ph01_Z01_C01,6.25188E+12,2.0,1.0,1.0,2.0,2.4285714285714284,2.5,6,1,1,1.0
2024-01-29,Ph01_Z01_C01,6.25188E+12,1.0,2.0,5.0,2.0,1.8571428571428572,2.4285714285714284,0,0,1,1.0
2024-01-30,Ph01_Z01_C01,6.25188E+12,1.0,1.0,5.0,1.0,1.2857142857142858,2.4285714285714284,1,0,1,1.0
2024-01-31,Ph01_Z01_C01,6.25188E+12,1.0,1.0,1.0,5.0,1.2857142857142858,2.142857142857143,2,0,1,2.0
2024-02-01,Ph01_Z01_C01,6.25188E+12,2.0,1.0,0.0,2.0,1.5714285714285714,2.142857142857143,3,0,2,4.0
2024-02-02,Ph01_Z01_C01,6.25188E+12,4.0,2.0,3.0,4.0,1.7142857142857142,2.142857142857143,4,0,2,2.0
2024-02-03,Ph01_Z01_C01,6.25188E+12,2.0,4.0,1.0,3.0,1.8571428571428572,2.0714285714285716,5,1,2,2.0
2024-02-04,Ph01_Z01_C01,6.25188E+12,2.0,2.0,2.0,1.0,1.8571428571428572,2.142857142857143,6,1,2,0.0
2024-02-05,Ph01_Z01_C01,6.25188E+12,0.0,2.0,1.0,5.0,1.7142857142857142,1.7857142857142858,0,0,2,2.0
2024-02-06,Ph01_Z01_C01,6.25188E+12,2.0,0.0,1.0,5.0,1.8571428571428572,1.5714285714285714,1,0,2,5.0
2024-02-07,Ph01_Z01_C01,6.25188E+12,5.0,2.0,1.0,1.0,2.4285714285714284,1.8571428571428572,2,0,2,2.0
2024-02-08,Ph01_Z01_C01,6.25188E+12,2.0,5.0,2.0,0.0,2.4285714285714284,2.0,3,0,2,1.0
2024-02-09,Ph01_Z01_C01,6.25188E+12,1.0,2.0,4.0,3.0,2.0,1.8571428571428572,4,0,2,1.0
2024-02-10,Ph01_Z01_C01,6.25188E+12,1.0,1.0,2.0,1.0,1.8571428571428572,1.8571428571428572,5,1,2,5.0
2024-02-11,Ph01_Z01_C01,6.25188E+12,5.0,1.0,2.0,2.0,2.2857142857142856,2.0714285714285716,6,1,2,2.0
2024-02-12,Ph01_Z01_C01,6.25188E+12,2.0,5.0,0.0,1.0,2.5714285714285716,2.142857142857143,0,0,2,2.0
2024-02-13,Ph01_Z01_C01,6.25188E+12,2.0,2.0,2.0,1.0,2.5714285714285716,2.2142857142857144,1,0,2,3.0
2024-02-14,Ph01_Z01_C01,6.25188E+12,3.0,2.0,5.0,1.0,2.2857142857142856,2.357142857142857,2,0,2,1.0
2024-02-15,Ph01_Z01_C01,6.25188E+12,1.0,3.0,2.0,2.0,2.142857142857143,2.2857142857142856,3,0,2,3.0
2024-02-16,Ph01_Z01_C01,6.25188E+12,3.0,1.0,1.0,4.0,2.4285714285714284,2.2142857142857144,4,0,2,3.0
2024-02-17,Ph01_Z01_C01,6.25188E+12,3.0,3.0,1.0,2.0,2.7142857142857144,2.2857142857142856,5,1,2,3.0
2024-02-18,Ph01_Z01_C01,6.25188E+12,3.0,3.0,5.0,2.0,2.4285714285714284,2.357142857142857,6,1,2,1.0
2024-02-19,Ph01_Z01_C01,6.25188E+12,1.0,3.0,2.0,0.0,2.2857142857142856,2.4285714285714284,0,0,2,3.0
2024-02-20,Ph01_Z01_C01,6.25188E+12,3.0,1.0,2.0,2.0,2.4285714285714284,2.5,1,0,2,1.0
2024-02-21,Ph01_Z01_C01,6.25188E+12,1.0,3.0,3.0,5.0,2.142857142857143,2.2142857142857144,2,0,2,3.0
2024-02-22,Ph01_Z01_C01,6.25188E+12,3.0,1.0,1.0,2.0,2.4285714285714284,2.2857142857142856,3,0,2,2.0
2024-02-23,Ph01_Z01_C01,6.25188E+12,2.0,3.0,3.0,1.0,2.2857142857142856,2.357142857142857,4,0,2,2.0
2024-02-24,Ph01_Z01_C01,6.25188E+12,2.0,2.0,3.0,1.0,2.142857142857143,2.4285714285714284,5,1,2,2.0
2024-02-25,Ph01_Z01_C01,6.25188E+12,2.0,2.0,3.0,5.0,2.0,2.2142857142857144,6,1,2,1.0
2024-02-26,Ph01_Z01_C01,6.25188E+12,1.0,2.0,1.0,2.0,2.0,2.142857142857143,0,0,2,1.0
2024-02-27,Ph01_Z01_C01,6.25188E+12,1.0,1.0,3.0,2.0,1.7142857142857142,2.0714285714285716,1,0,2,1.0
2024-02-28,Ph01_Z01_C01,6.25188E+12,1.0,1.0,1.0,3.0,1.7142857142857142,1.9285714285714286,2,0,2,2.0
2024-02-29,Ph01_Z01_C01,6.25188E+12,2.0,1.0,3.0,1.0,1.5714285714285714,2.0,3,0,2,2.0
2024-03-01,Ph01_Z01_C01,6.25188E+12,2.0,2.0,2.0,3.0,1.5714285714285714,1.9285714285714286,4,0,3,1.0
2024-03-02,Ph01_Z01_C01,6.25188E+12,1.0,2.0,2.0,3.0,1.4285714285714286,1.7857142857142858,5,1,3,4.0
2024-03-03,Ph01_Z01_C01,6.25188E+12,4.0,1.0,2.0,3.0,1.7142857142857142,1.8571428571428572,6,1,3,1.0
2024-03-04,Ph01_Z01_C01,6.25188E+12,1.0,4.0,1.0,1.0,1.7142857142857142,1.8571428571428572,0,0,3,0.0
2024-03-05,Ph01_Z01_C01,6.25188E+12,0.0,1.0,1.0,3.0,1.5714285714285714,1.6428571428571428,1,0,3,3.0
2024-03-06,Ph01_Z01_C01,6.25188E+12,3.0,0.0,1.0,1.0,1.8571428571428572,1.7857142857142858,2,0,3,2.0
2024-03-07,Ph01_Z01_C01,6.25188E+12,2.0,3.0,2.0,3.0,1.8571428571428572,1.7142857142857142,3,0,3,2.0
2024-03-08,Ph01_Z01_C01,6.25188E+12,2.0,2.0,2.0,2.0,1.8571428571428572,1.7142857142857142,4,0,3,2.0
2024-03-09,Ph01_Z01_C01,6.25188E+12,2.0,2.0,1.0,2.0,2.0,1.7142857142857142,5,1,3,1.0
2024-03-10,Ph01_Z01_C01,6.25188E+12,1.0,2.0,4.0,2.0,1.5714285714285714,1.6428571428571428,6,1,3,5.0
2024-03-11,Ph01_Z01_C01,6.25188E+12,5.0,1.0,1.0,1.0,2.142857142857143,1.9285714285714286,0,0,3,1.0
2024-03-12,Ph01_Z01_C01,6.25188E+12,1.0,5.0,0.0,1.0,2.2857142857142856,1.9285714285714286,1,0,3,2.0
2024-03-13,Ph01_Z01_C01,6.25188E+12,2.0,1.0,3.0,1.0,2.142857142857143,2.0,2,0,3,2.0
2024-03-14,Ph01_Z01_C01,6.25188E+12,2.0,2.0,2.0,2.0,2.142857142857143,2.0,3,0,3,3.0
2024-03-15,Ph01_Z01_C01,6.25188E+12,3.0,2.0,2.0,2.0,2.2857142857142856,2.0714285714285716,4,0,3,2.0
2024-03-16,Ph01_Z01_C01,6.25188E+12,2.0,3.0,2.0,1.0,2.2857142857142856,2.142857142857143,5,1,3,0.0
2024-03-17,Ph01_Z01_C01,6.25188E+12,0.0,2.0,1.0,4.0,2.142857142857143,1.8571428571428572,6,1,3,2.0
2024-03-18,Ph01_Z01_C01,6.25188E+12,2.0,0.0,5.0,1.0,1.7142857142857142,1.9285714285714286,0,0,3,1.0
2024-03-19,Ph01_Z01_C01,6.25188E+12,1.0,2.0,1.0,0.0,1.7142857142857142,2.0,1,0,3,0.0
2024-03-20,Ph01_Z01_C01,6.25188E+12,0.0,1.0,2.0,3.0,1.4285714285714286,1.7857142857142858,2,0,3,0.0
2024-03-21,Ph01_Z01_C01,6.25188E+12,0.0,0.0,2.0,2.0,1.1428571428571428,1.6428571428571428,3,0,3,1.0
2024-03-22,Ph01_Z01_C01,6.25188E+12,1.0,0.0,3.0,2.0,0.8571428571428571,1.5714285714285714,4,0,3,3.0
2024-03-23,Ph01_Z01_C01,6.25188E+12,3.0,1.0,2.0,2.0,1.0,1.6428571428571428,5,1,3,2.0
2024-03-24,Ph01_Z01_C01,6.25188E+12,2.0,3.0,0.0,1.0,1.2857142857142858,1.7142857142857142,6,1,3,5.0
2024-03-25,Ph01_Z01_C01,6.25188E+12,5.0,2.0,2.0,5.0,1.7142857142857142,1.7142857142857142,0,0,3,2.0
2024-03-26,Ph01_Z01_C01,6.25188E+12,2.0,5.0,1.0,1.0,1.8571428571428572,1.7857142857142858,1,0,3,6.0
2024-03-27,Ph01_Z01_C01,6.25188E+12,6.0,2.0,0.0,2.0,2.7142857142857144,2.0714285714285716,2,0,3,2.0
2024-03-28,Ph01_Z01_C01,6.25188E+12,2.0,6.0,0.0,2.0,3.0,2.0714285714285716,3,0,3,4.0
2024-03-29,Ph01_Z01_C01,6.25188E+12,4.0,2.0,1.0,3.0,3.4285714285714284,2.142857142857143,4,0,3,0.0
2024-03-30,Ph01_Z01_C01,6.25188E+12,0.0,4.0,3.0,2.0,3.0,2.0,5,1,3,4.0
2024-03-31,Ph01_Z01_C01,6.25188E+12,4.0,0.0,2.0,0.0,3.2857142857142856,2.2857142857142856,6,1,3,3.0
2024-04-01,Ph01_Z01_C01,6.25188E+12,3.0,4.0,5.0,2.0,3.0,2.357142857142857,0,0,4,5.0
2024-04-02,Ph01_Z01_C01,6.25188E+12,5.0,3.0,2.0,1.0,3.4285714285714284,2.642857142857143,1,0,4,1.0
2024-04-03,Ph01_Z01_C01,6.25188E+12,1.0,5.0,6.0,0.0,2.7142857142857144,2.7142857142857144,2,0,4,2.0
2024-04-04,Ph01_Z01_C01,6.25188E+12,2.0,1.0,2.0,0.0,2.7142857142857144,2.857142857142857,3,0,4,0.0
2024-04-05,Ph01_Z01_C01,6.25188E+12,0.0,2.0,4.0,1.0,2.142857142857143,2.7857142857142856,4,0,4,3.0
2024-04-06,Ph01_Z01_C01,6.25188E+12,3.0,0.0,0.0,3.0,2.5714285714285716,2.7857142857142856,5,1,4,0.0
2024-04-07,Ph01_Z01_C01,6.25188E+12,0.0,3.0,4.0,2.0,2.0,2.642857142857143,6,1,4,0.0
2024-04-08,Ph01_Z01_C01,6.25188E+12,0.0,0.0,3.0,5.0,1.5714285714285714,2.2857142857142856,0,0,4,0.0
2024-04-09,Ph01_Z01_C01,6.25188E+12,0.0,0.0,5.0,2.0,0.8571428571428571,2.142857142857143,1,0,4,0.0
2024-04-10,Ph01_Z01_C01,6.25188E+12,0.0,0.0,1.0,6.0,0.7142857142857143,1.7142857142857142,2,0,4,3.0
2024-04-11,Ph01_Z01_C01,6.25188E+12,3.0,0.0,2.0,2.0,0.8571428571428571,1.7857142857142858,3,0,4,0.0
2024-04-12,Ph01_Z01_C01,6.25188E+12,0.0,3.0,0.0,4.0,0.8571428571428571,1.5,4,0,4,2.0
2024-04-13,Ph01_Z01_C01,6.25188E+12,2.0,0.0,3.0,0.0,0.7142857142857143,1.6428571428571428,5,1,4,3.0
2024-04-14,Ph01_Z01_C01,6.25188E+12,3.0,2.0,0.0,4.0,1.1428571428571428,1.5714285714285714,6,1,4,3.0
2024-04-15,Ph01_Z01_C01,6.25188E+12,3.0,3.0,0.0,3.0,1.5714285714285714,1.5714285714285714,0,0,4,2.0
2024-04-16,Ph01_Z01_C01,6.25188E+12,2.0,3.0,0.0,5.0,1.8571428571428572,1.3571428571428572,1,0,4,1.0
2024-04-17,Ph01_Z01_C01,6.25188E+12,1.0,2.0,0.0,1.0,2.0,1.3571428571428572,2,0,4,1.0
2024-04-18,Ph01_Z01_C01,6.25188E+12,1.0,1.0,3.0,2.0,1.7142857142857142,1.2857142857142858,3,0,4,0.0
2024-04-19,Ph01_Z01_C01,6.25188E+12,0.0,1.0,0.0,0.0,1.7142857142857142,1.2857142857142858,4,0,4,4.0
2024-04-20,Ph01_Z01_C01,6.25188E+12,4.0,0.0,2.0,3.0,2.0,1.3571428571428572,5,1,4,2.0
2024-04-21,Ph01_Z01_C01,6.25188E+12,2.0,4.0,3.0,0.0,1.8571428571428572,1.5,6,1,4,4.0
2024-04-22,Ph01_Z01_C01,6.25188E+12,4.0,2.0,3.0,0.0,2.0,1.7857142857142858,0,0,4,5.0
2024-04-23,Ph01_Z01_C01,6.25188E+12,5.0,4.0,2.0,0.0,2.4285714285714284,2.142857142857143,1,0,4,1.0
2024-04-24,Ph01_Z01_C01,6.25188E+12,1.0,5.0,1.0,0.0,2.4285714285714284,2.2142857142857144,2,0,4,0.0
2024-04-25,Ph01_Z01_C01,6.25188E+12,0.0,1.0,1.0,3.0,2.2857142857142856,2.0,3,0,4,3.0
2024-04-26,Ph01_Z01_C01,6.25188E+12,3.0,0.0,0.0,0.0,2.7142857142857144,2.2142857142857144,4,0,4,1.0
2024-04-27,Ph01_Z01_C01,6.25188E+12,1.0,3.0,4.0,2.0,2.2857142857142856,2.142857142857143,5,1,4,1.0
2024-04-28,Ph01_Z01_C01,6.25188E+12,1.0,1.0,2.0,3.0,2.142857142857143,2.0,6,1,4,1.0
2024-04-29,Ph01_Z01_C01,6.25188E+12,1.0,1.0,4.0,3.0,1.7142857142857142,1.8571428571428572,0,0,4,3.0
2024-04-30,Ph01_Z01_C01,6.25188E+12,3.0,1.0,5.0,2.0,1.4285714285714286,1.9285714285714286,1,0,4,4.0
2024-05-01,Ph01_Z01_C01,6.25188E+12,4.0,3.0,1.0,1.0,1.8571428571428572,2.142857142857143,2,0,5,3.0
2024-05-02,Ph01_Z01_C01,6.25188E+12,3.0,4.0,0.0,1.0,2.2857142857142856,2.2857142857142856,3,0,5,0.0
2024-05-03,Ph01_Z01_C01,6.25188E+12,0.0,3.0,3.0,0.0,1.8571428571428572,2.2857142857142856,4,0,5,1.0
2024-05-04,Ph01_Z01_C01,6.25188E+12,1.0,0.0,1.0,4.0,1.8571428571428572,2.0714285714285716,5,1,5,3.0
2024-05-05,Ph01_Z01_C01,6.25188E+12,3.0,1.0,1.0,2.0,2.142857142857143,2.142857142857143,6,1,5,0.0
2024-05-06,Ph01_Z01_C01,6.25188E+12,0.0,3.0,1.0,4.0,2.0,1.8571428571428572,0,0,5,2.0
2024-05-07,Ph01_Z01_C01,6.25188E+12,2.0,0.0,3.0,5.0,1.8571428571428572,1.6428571428571428,1,0,5,2.0
2024-05-08,Ph01_Z01_C01,6.25188E+12,2.0,2.0,4.0,1.0,1.5714285714285714,1.7142857142857142,2,0,5,5.0
2024-05-09,Ph01_Z01_C01,6.25188E+12,5.0,2.0,3.0,0.0,1.8571428571428572,2.0714285714285716,3,0,5,2.0
2024-05-10,Ph01_Z01_C01,6.25188E+12,2.0,5.0,0.0,3.0,2.142857142857143,2.0,4,0,5,2.0
2024-05-11,Ph01_Z01_C01,6.25188E+12,2.0,2.0,1.0,1.0,2.2857142857142856,2.0714285714285716,5,1,5,2.0
2024-05-12,Ph01_Z01_C01,6.25188E+12,2.0,2.0,3.0,1.0,2.142857142857143,2.142857142857143,6,1,5,2.0
2024-05-13,Ph01_Z01_C01,6.25188E+12,2.0,2.0,0.0,1.0,2.4285714285714284,2.2142857142857144,0,0,5,2.0
2024-05-14,Ph01_Z01_C01,6.25188E+12,2.0,2.0,2.0,3.0,2.4285714285714284,2.142857142857143,1,0,5,7.0
2024-05-15,Ph01_Z01_C01,6.25188E+12,7.0,2.0,2.0,4.0,3.142857142857143,2.357142857142857,2,0,5,1.0
2024-05-16,Ph01_Z01_C01,6.25188E+12,1.0,7.0,5.0,3.0,2.5714285714285716,2.2142857142857144,3,0,5,2.0
2024-05-17,Ph01_Z01_C01,6.25188E+12,2.0,1.0,2.0,0.0,2.5714285714285716,2.357142857142857,4,0,5,0.0
2024-05-18,Ph01_Z01_C01,6.25188E+12,0.0,2.0,2.0,1.0,2.2857142857142856,2.2857142857142856,5,1,5,1.0
2024-05-19,Ph01_Z01_C01,6.25188E+12,1.0,0.0,2.0,3.0,2.142857142857143,2.142857142857143,6,1,5,2.0
2024-05-20,Ph01_Z01_C01,6.25188E+12,2.0,1.0,2.0,0.0,2.142857142857143,2.2857142857142856,0,0,5,5.0
2024-05-21,Ph01_Z01_C01,6.25188E+12,5.0,2.0,2.0,2.0,2.5714285714285716,2.5,1,0,5,2.0
2024-05-22,Ph01_Z01_C01,6.25188E+12,2.0,5.0,7.0,2.0,1.8571428571428572,2.5,2,0,5,3.0
2024-05-23,Ph01_Z01_C01,6.25188E+12,3.0,2.0,1.0,5.0,2.142857142857143,2.357142857142857,3,0,5,3.0
2024-05-24,Ph01_Z01_C01,6.25188E+12,3.0,3.0,2.0,2.0,2.2857142857142856,2.4285714285714284,4,0,5,0.0
2024-05-25,Ph01_Z01_C01,6.25188E+12,0.0,3.0,0.0,2.0,2.2857142857142856,2.2857142857142856,5,1,5,3.0
2024-05-26,Ph01_Z01_C01,6.25188E+12,3.0,0.0,1.0,2.0,2.5714285714285716,2.357142857142857,6,1,5,3.0
2024-05-27,Ph01_Z01_C01,6.25188E+12,3.0,3.0,2.0,2.0,2.7142857142857144,2.4285714285714284,0,0,5,3.0
2024-05-28,Ph01_Z01_C01,6.25188E+12,3.0,3.0,5.0,2.0,2.4285714285714284,2.5,1,0,5,1.0
2024-05-29,Ph01_Z01_C01,6.25188E+12,1.0,3.0,2.0,7.0,2.2857142857142856,2.0714285714285716,2,0,5,4.0
2024-05-30,Ph01_Z01_C01,6.25188E+12,4.0,1.0,3.0,1.0,2.4285714285714284,2.2857142857142856,3,0,5,2.0
2024-05-31,Ph01_Z01_C01,6.25188E+12,2.0,4.0,3.0,2.0,2.2857142857142856,2.2857142857142856,4,0,5,4.0
2024-06-01,Ph01_Z01_C01,6.25188E+12,4.0,2.0,0.0,0.0,2.857142857142857,2.5714285714285716,5,1,6,3.0
2024-06-02,Ph01_Z01_C01,6.25188E+12,3.0,4.0,3.0,1.0,2.857142857142857,2.7142857142857144,6,1,6,2.0
2024-06-03,Ph01_Z01_C01,6.25188E+12,2.0,3.0,3.0,2.0,2.7142857142857144,2.7142857142857144,0,0,6,1.0
2024-06-04,Ph01_Z01_C01,6.25188E+12,1.0,2.0,3.0,5.0,2.4285714285714284,2.4285714285714284,1,0,6,0.0
2024-06-05,Ph01_Z01_C01,6.25188E+12,0.0,1.0,1.0,2.0,2.2857142857142856,2.2857142857142856,2,0,6,2.0
2024-06-06,Ph01_Z01_C01,6.25188E+12,2.0,0.0,4.0,3.0,2.0,2.2142857142857144,3,0,6,4.0
2024-06-07,Ph01_Z01_C01,6.25188E+12,4.0,2.0,2.0,3.0,2.2857142857142856,2.2857142857142856,4,0,6,1.0
2024-06-08,Ph01_Z01_C01,6.25188E+12,1.0,4.0,4.0,0.0,1.8571428571428572,2.357142857142857,5,1,6,3.0
2024-06-09,Ph01_Z01_C01,6.25188E+12,3.0,1.0,3.0,3.0,1.8571428571428572,2.357142857142857,6,1,6,1.0
2024-06-10,Ph01_Z01_C01,6.25188E+12,1.0,3.0,2.0,3.0,1.7142857142857142,2.2142857142857144,0,0,6,2.0
2024-06-11,Ph01_Z01_C01,6.25188E+12,2.0,1.0,1.0,3.0,1.8571428571428572,2.142857142857143,1,0,6,2.0
2024-06-12,Ph01_Z01_C01,6.25188E+12,2.0,2.0,0.0,1.0,2.142857142857143,2.2142857142857144,2,0,6,2.0
2024-06-13,Ph01_Z01_C01,6.25188E+12,2.0,2.0,2.0,4.0,2.142857142857143,2.0714285714285716,3,0,6,5.0
2024-06-14,Ph01_Z01_C01,6.25188E+12,5.0,2.0,4.0,2.0,2.2857142857142856,2.2857142857142856,4,0,6,3.0
2024-06-15,Ph01_Z01_C01,6.25188E+12,3.0,5.0,1.0,4.0,2.5714285714285716,2.2142857142857144,5,1,6,3.0
2024-06-16,Ph01_Z01_C01,6.25188E+12,3.0,3.0,3.0,3.0,2.5714285714285716,2.2142857142857144,6,1,6,1.0
2024-06-17,Ph01_Z01_C01,6.25188E+12,1.0,3.0,1.0,2.0,2.5714285714285716,2.142857142857143,0,0,6,3.0
2024-06-18,Ph01_Z01_C01,6.25188E+12,3.0,1.0,2.0,1.0,2.7142857142857144,2.2857142857142856,1,0,6,0.0
2024-06-19,Ph01_Z01_C01,6.25188E+12,0.0,3.0,2.0,0.0,2.4285714285714284,2.2857142857142856,2,0,6,3.0
2024-06-20,Ph01_Z01_C01,6.25188E+12,3.0,0.0,2.0,2.0,2.5714285714285716,2.357142857142857,3,0,6,2.0
2024-06-21,Ph01_Z01_C01,6.25188E+12,2.0,3.0,5.0,4.0,2.142857142857143,2.2142857142857144,4,0,6,4.0
2024-06-22,Ph01_Z01_C01,6.25188E+12,4.0,2.0,3.0,1.0,2.2857142857142856,2.4285714285714284,5,1,6,5.0
2024-06-23,Ph01_Z01_C01,6.25188E+12,5.0,4.0,3.0,3.0,2.5714285714285716,2.5714285714285716,6,1,6,0.0
2024-06-24,Ph01_Z01_C01,6.25188E+12,0.0,5.0,1.0,1.0,2.4285714285714284,2.5,0,0,6,2.0
2024-06-25,Ph01_Z01_C01,6.25188E+12,2.0,0.0,3.0,2.0,2.2857142857142856,2.5,1,0,6,2.0
2024-06-26,Ph01_Z01_C01,6.25188E+12,2.0,2.0,0.0,2.0,2.5714285714285716,2.5,2,0,6,1.0
2024-06-27,Ph01_Z01_C01,6.25188E+12,1.0,2.0,3.0,2.0,2.2857142857142856,2.4285714285714284,3,0,6,0.0
2024-06-28,Ph01_Z01_C01,6.25188E+12,0.0,1.0,2.0,5.0,2.0,2.0714285714285716,4,0,6,2.0
2024-06-29,Ph01_Z01_C01,6.25188E+12,2.0,0.0,4.0,3.0,1.7142857142857142,2.0,5,1,6,5.0
2024-06-30,Ph01_Z01_C01,6.25188E+12,5.0,2.0,5.0,3.0,1.7142857142857142,2.142857142857143,6,1,6,1.0
2024-07-01,Ph01_Z01_C01,6.25188E+12,1.0,5.0,0.0,1.0,1.8571428571428572,2.142857142857143,0,0,7,3.0
2024-07-02,Ph01_Z01_C01,6.25188E+12,3.0,1.0,2.0,3.0,2.0,2.142857142857143,1,0,7,1.0
2024-07-03,Ph01_Z01_C01,6.25188E+12,1.0,3.0,2.0,0.0,1.8571428571428572,2.2142857142857144,2,0,7,7.0
2024-07-04,Ph01_Z01_C01,6.25188E+12,7.0,1.0,1.0,3.0,2.7142857142857144,2.5,3,0,7,1.0
2024-07-05,Ph01_Z01_C01,6.25188E+12,1.0,7.0,0.0,2.0,2.857142857142857,2.4285714285714284,4,0,7,3.0
2024-07-06,Ph01_Z01_C01,6.25188E+12,3.0,1.0,2.0,4.0,3.0,2.357142857142857,5,1,7,1.0
2024-07-07,Ph01_Z01_C01,6.25188E+12,1.0,3.0,5.0,5.0,2.4285714285714284,2.0714285714285716,6,1,7,1.0
2024-07-08,Ph01_Z01_C01,6.25188E+12,1.0,1.0,1.0,0.0,2.4285714285714284,2.142857142857143,0,0,7,3.0
2024-07-09,Ph01_Z01_C01,6.25188E+12,3.0,1.0,3.0,2.0,2.4285714285714284,2.2142857142857144,1,0,7,1.0
2024-07-10,Ph01_Z01_C01,6.25188E+12,1.0,3.0,1.0,2.0,2.4285714285714284,2.142857142857143,2,0,7,4.0
2024-07-11,Ph01_Z01_C01,6.25188E+12,4.0,1.0,7.0,1.0,2.0,2.357142857142857,3,0,7,1.0
2024-07-12,Ph01_Z01_C01,6.25188E+12,1.0,4.0,1.0,0.0,2.0,2.4285714285714284,4,0,7,2.0
2024-07-13,Ph01_Z01_C01,6.25188E+12,2.0,1.0,3.0,2.0,1.8571428571428572,2.4285714285714284,5,1,7,2.0
2024-07-14,Ph01_Z01_C01,6.25188E+12,2.0,2.0,1.0,5.0,2.0,2.2142857142857144,6,1,7,2.0
2024-07-15,Ph01_Z01_C01,6.25188E+12,2.0,2.0,1.0,1.0,2.142857142857143,2.2857142857142856,0,0,7,1.0
2024-07-16,Ph01_Z01_C01,6.25188E+12,1.0,2.0,3.0,3.0,1.8571428571428572,2.142857142857143,1,0,7,1.0
2024-07-17,Ph01_Z01_C01,6.25188E+12,1.0,1.0,1.0,1.0,1.8571428571428572,2.142857142857143,2,0,7,2.0
2024-07-18,Ph01_Z01_C01,6.25188E+12,2.0,1.0,4.0,7.0,1.5714285714285714,1.7857142857142858,3,0,7,4.0
2024-07-19,Ph01_Z01_C01,6.25188E+12,4.0,2.0,1.0,1.0,2.0,2.0,4,0,7,2.0
2024-07-20,Ph01_Z01_C01,6.25188E+12,2.0,4.0,2.0,3.0,2.0,1.9285714285714286,5,1,7,1.0
2024-07-21,Ph01_Z01_C01,6.25188E+12,1.0,2.0,2.0,1.0,1.8571428571428572,1.9285714285714286,6,1,7,1.0
2024-07-22,Ph01_Z01_C01,6.25188E+12,1.0,1.0,2.0,1.0,1.7142857142857142,1.9285714285714286,0,0,7,2.0
2024-07-23,Ph01_Z01_C01,6.25188E+12,2.0,1.0,1.0,3.0,1.8571428571428572,1.8571428571428572,1,0,7,4.0
2024-07-24,Ph01_Z01_C01,6.25188E+12,4.0,2.0,1.0,1.0,2.2857142857142856,2.0714285714285716,2,0,7,1.0
2024-07-25,Ph01_Z01_C01,6.25188E+12,1.0,4.0,2.0,4.0,2.142857142857143,1.8571428571428572,3,0,7,6.0
2024-07-26,Ph01_Z01_C01,6.25188E+12,6.0,1.0,4.0,1.0,2.4285714285714284,2.2142857142857144,4,0,7,2.0
2024-07-27,Ph01_Z01_C01,6.25188E+12,2.0,6.0,2.0,2.0,2.4285714285714284,2.2142857142857144,5,1,7,4.0
2024-07-28,Ph01_Z01_C01,6.25188E+12,4.0,2.0,1.0,2.0,2.857142857142857,2.357142857142857,6,1,7,3.0
2024-07-29,Ph01_Z01_C01,6.25188E+12,3.0,4.0,1.0,2.0,3.142857142857143,2.4285714285714284,0,0,7,1.0
2024-07-30,Ph01_Z01_C01,6.25188E+12,1.0,3.0,2.0,1.0,3.0,2.4285714285714284,1,0,7,3.0
2024-07-31,Ph01_Z01_C01,6.25188E+12,3.0,1.0,4.0,1.0,2.857142857142857,2.5714285714285716,2,0,7,3.0
2024-08-01,Ph01_Z01_C01,6.25188E+12,3.0,3.0,1.0,2.0,3.142857142857143,2.642857142857143,3,0,8,2.0
2024-08-02,Ph01_Z01_C01,6.25188E+12,2.0,3.0,6.0,4.0,2.5714285714285716,2.5,4,0,8,1.0
2024-08-03,Ph01_Z01_C01,6.25188E+12,1.0,2.0,2.0,2.0,2.4285714285714284,2.4285714285714284,5,1,8,1.0
2024-08-04,Ph01_Z01_C01,6.25188E+12,1.0,1.0,4.0,1.0,2.0,2.4285714285714284,6,1,8,2.0
2024-08-05,Ph01_Z01_C01,6.25188E+12,2.0,1.0,3.0,1.0,1.8571428571428572,2.5,0,0,8,0.0
2024-08-06,Ph01_Z01_C01,6.25188E+12,0.0,2.0,1.0,2.0,1.7142857142857142,2.357142857142857,1,0,8,2.0
2024-08-07,Ph01_Z01_C01,6.25188E+12,2.0,0.0,3.0,4.0,1.5714285714285714,2.2142857142857144,2,0,8,3.0
2024-08-08,Ph01_Z01_C01,6.25188E+12,3.0,2.0,3.0,1.0,1.5714285714285714,2.357142857142857,3,0,8,1.0
2024-08-09,Ph01_Z01_C01,6.25188E+12,1.0,3.0,2.0,6.0,1.4285714285714286,2.0,4,0,8,1.0
2024-08-10,Ph01_Z01_C01,6.25188E+12,1.0,1.0,1.0,2.0,1.4285714285714286,1.9285714285714286,5,1,8,1.0
2024-08-11,Ph01_Z01_C01,6.25188E+12,1.0,1.0,1.0,4.0,1.4285714285714286,1.7142857142857142,6,1,8,3.0
2024-08-12,Ph01_Z01_C01,6.25188E+12,3.0,1.0,2.0,3.0,1.5714285714285714,1.7142857142857142,0,0,8,1.0
2024-08-13,Ph01_Z01_C01,6.25188E+12,1.0,3.0,0.0,1.0,1.7142857142857142,1.7142857142857142,1,0,8,8.0
2024-08-14,Ph01_Z01_C01,6.25188E+12,8.0,1.0,2.0,3.0,2.5714285714285716,2.0714285714285716,2,0,8,3.0
2024-08-15,Ph01_Z01_C01,6.25188E+12,3.0,8.0,3.0,3.0,2.5714285714285716,2.0714285714285716,3,0,8,3.0
2024-08-16,Ph01_Z01_C01,6.25188E+12,3.0,3.0,1.0,2.0,2.857142857142857,2.142857142857143,4,0,8,1.0
2024-08-17,Ph01_Z01_C01,6.25188E+12,1.0,3.0,1.0,1.0,2.857142857142857,2.142857142857143,5,1,8,5.0
2024-08-18,Ph01_Z01_C01,6.25188E+12,5.0,1.0,1.0,1.0,3.4285714285714284,2.4285714285714284,6,1,8,1.0
2024-08-19,Ph01_Z01_C01,6.25188E+12,1.0,5.0,3.0,2.0,3.142857142857143,2.357142857142857,0,0,8,4.0
2024-08-20,Ph01_Z01_C01,6.25188E+12,4.0,1.0,1.0,0.0,3.5714285714285716,2.642857142857143,1,0,8,2.0
2024-08-21,Ph01_Z01_C01,6.25188E+12,2.0,4.0,8.0,2.0,2.7142857142857144,2.642857142857143,2,0,8,1.0
2024-08-22,Ph01_Z01_C01,6.25188E+12,1.0,2.0,3.0,3.0,2.4285714285714284,2.5,3,0,8,3.0
2024-08-23,Ph01_Z01_C01,6.25188E+12,3.0,1.0,3.0,1.0,2.4285714285714284,2.642857142857143,4,0,8,2.0
2024-08-24,Ph01_Z01_C01,6.25188E+12,2.0,3.0,1.0,1.0,2.5714285714285716,2.7142857142857144,5,1,8,3.0
2024-08-25,Ph01_Z01_C01,6.25188E+12,3.0,2.0,5.0,1.0,2.2857142857142856,2.857142857142857,6,1,8,1.0
2024-08-26,Ph01_Z01_C01,6.25188E+12,1.0,3.0,1.0,3.0,2.2857142857142856,2.7142857142857144,0,0,8,0.0
2024-08-27,Ph01_Z01_C01,6.25188E+12,0.0,1.0,4.0,1.0,1.7142857142857142,2.642857142857143,1,0,8,3.0
2024-08-28,Ph01_Z01_C01,6.25188E+12,3.0,0.0,2.0,8.0,1.8571428571428572,2.2857142857142856,2,0,8,3.0
2024-08-29,Ph01_Z01_C01,6.25188E+12,3.0,3.0,1.0,3.0,2.142857142857143,2.2857142857142856,3,0,8,2.0
2024-08-30,Ph01_Z01_C01,6.25188E+12,2.0,3.0,3.0,3.0,2.0,2.2142857142857144,4,0,8,1.0
2024-08-31,Ph01_Z01_C01,6.25188E+12,1.0,2.0,2.0,1.0,1.8571428571428572,2.2142857142857144,5,1,8,0.0
2024-09-01,Ph01_Z01_C01,6.25188E+12,0.0,1.0,3.0,5.0,1.4285714285714286,1.8571428571428572,6,1,9,5.0
2024-09-02,Ph01_Z01_C01,6.25188E+12,5.0,0.0,1.0,1.0,2.0,2.142857142857143,0,0,9,6.0
2024-09-03,Ph01_Z01_C01,6.25188E+12,6.0,5.0,0.0,4.0,2.857142857142857,2.2857142857142856,1,0,9,1.0
2024-09-04,Ph01_Z01_C01,6.25188E+12,1.0,6.0,3.0,2.0,2.5714285714285716,2.2142857142857144,2,0,9,4.0
2024-09-05,Ph01_Z01_C01,6.25188E+12,4.0,1.0,3.0,1.0,2.7142857142857144,2.4285714285714284,3,0,9,2.0
2024-09-06,Ph01_Z01_C01,6.25188E+12,2.0,4.0,2.0,3.0,2.7142857142857144,2.357142857142857,4,0,9,1.0
2024-09-07,Ph01_Z01_C01,6.25188E+12,1.0,2.0,1.0,2.0,2.7142857142857144,2.2857142857142856,5,1,9,4.0
2024-09-08,Ph01_Z01_C01,6.25188E+12,4.0,1.0,0.0,3.0,3.2857142857142856,2.357142857142857,6,1,9,2.0
2024-09-09,Ph01_Z01_C01,6.25188E+12,2.0,4.0,5.0,1.0,2.857142857142857,2.4285714285714284,0,0,9,3.0
2024-09-10,Ph01_Z01_C01,6.25188E+12,3.0,2.0,6.0,0.0,2.4285714285714284,2.642857142857143,1,0,9,1.0
2024-09-11,Ph01_Z01_C01,6.25188E+12,1.0,3.0,1.0,3.0,2.4285714285714284,2.5,2,0,9,2.0
2024-09-12,Ph01_Z01_C01,6.25188E+12,2.0,1.0,4.0,3.0,2.142857142857143,2.4285714285714284,3,0,9,0.0
2024-09-13,Ph01_Z01_C01,6.25188E+12,0.0,2.0,2.0,2.0,1.8571428571428572,2.2857142857142856,4,0,9,0.0
2024-09-14,Ph01_Z01_C01,6.25188E+12,0.0,0.0,1.0,1.0,1.7142857142857142,2.2142857142857144,5,1,9,8.0
2024-09-15,Ph01_Z01_C01,6.25188E+12,8.0,0.0,4.0,0.0,2.2857142857142856,2.7857142857142856,6,1,9,5.0
2024-09-16,Ph01_Z01_C01,6.25188E+12,5.0,8.0,2.0,5.0,2.7142857142857144,2.7857142857142856,0,0,9,1.0
2024-09-17,Ph01_Z01_C01,6.25188E+12,1.0,5.0,3.0,6.0,2.4285714285714284,2.4285714285714284,1,0,9,3.0
2024-09-18,Ph01_Z01_C01,6.25188E+12,3.0,1.0,1.0,1.0,2.7142857142857144,2.5714285714285716,2,0,9,3.0
2024-09-19,Ph01_Z01_C01,6.25188E+12,3.0,3.0,2.0,4.0,2.857142857142857,2.5,3,0,9,0.0
2024-09-20,Ph01_Z01_C01,6.25188E+12,0.0,3.0,0.0,2.0,2.857142857142857,2.357142857142857,4,0,9,3.0
2024-09-21,Ph01_Z01_C01,6.25188E+12,3.0,0.0,0.0,1.0,3.2857142857142856,2.5,5,1,9,1.0
2024-09-22,Ph01_Z01_C01,6.25188E+12,1.0,3.0,8.0,4.0,2.2857142857142856,2.2857142857142856,6,1,9,0.0
2024-09-23,Ph01_Z01_C01,6.25188E+12,0.0,1.0,5.0,2.0,1.5714285714285714,2.142857142857143,0,0,9,4.0
2024-09-24,Ph01_Z01_C01,6.25188E+12,4.0,0.0,1.0,3.0,2.0,2.2142857142857144,1,0,9,4.0
2024-09-25,Ph01_Z01_C01,6.25188E+12,4.0,4.0,3.0,1.0,2.142857142857143,2.4285714285714284,2,0,9,3.0
2024-09-26,Ph01_Z01_C01,6.25188E+12,3.0,4.0,3.0,2.0,2.142857142857143,2.5,3,0,9,1.0
2024-09-27,Ph01_Z01_C01,6.25188E+12,1.0,3.0,0.0,0.0,2.2857142857142856,2.5714285714285716,4,0,9,2.0
2024-09-28,Ph01_Z01_C01,6.25188E+12,2.0,1.0,3.0,0.0,2.142857142857143,2.7142857142857144,5,1,9,2.0
2024-09-29,Ph01_Z01_C01,6.25188E+12,2.0,2.0,1.0,8.0,2.2857142857142856,2.2857142857142856,6,1,9,3.0
2024-09-30,Ph01_Z01_C01,6.25188E+12,3.0,2.0,0.0,5.0,2.7142857142857144,2.142857142857143,0,0,9,1.0
2024-10-01,Ph01_Z01_C01,6.25188E+12,1.0,3.0,4.0,1.0,2.2857142857142856,2.142857142857143,1,0,10,1.0
2024-10-02,Ph01_Z01_C01,6.25188E+12,1.0,1.0,4.0,3.0,1.8571428571428572,2.0,2,0,10,3.0
2024-10-03,Ph01_Z01_C01,6.25188E+12,3.0,1.0,3.0,3.0,1.8571428571428572,2.0,3,0,10,0.0
2024-10-04,Ph01_Z01_C01,6.25188E+12,0.0,3.0,1.0,0.0,1.7142857142857142,2.0,4,0,10,1.0
2024-10-05,Ph01_Z01_C01,6.25188E+12,1.0,0.0,2.0,3.0,1.5714285714285714,1.8571428571428572,5,1,10,4.0
2024-10-06,Ph01_Z01_C01,6.25188E+12,4.0,1.0,2.0,1.0,1.8571428571428572,2.0714285714285716,6,1,10,1.0
2024-10-07,Ph01_Z01_C01,6.25188E+12,1.0,4.0,3.0,0.0,1.5714285714285714,2.142857142857143,0,0,10,1.0
2024-10-08,Ph01_Z01_C01,6.25188E+12,1.0,1.0,1.0,4.0,1.5714285714285714,1.9285714285714286,1,0,10,0.0
2024-10-09,Ph01_Z01_C01,6.25188E+12,0.0,1.0,1.0,4.0,1.4285714285714286,1.6428571428571428,2,0,10,0.0
2024-10-10,Ph01_Z01_C01,6.25188E+12,0.0,0.0,3.0,3.0,1.0,1.4285714285714286,3,0,10,7.0
2024-10-11,Ph01_Z01_C01,6.25188E+12,7.0,0.0,0.0,1.0,2.0,1.8571428571428572,4,0,10,3.0
2024-10-12,Ph01_Z01_C01,6.25188E+12,3.0,7.0,1.0,2.0,2.2857142857142856,1.9285714285714286,5,1,10,4.0
2024-10-13,Ph01_Z01_C01,6.25188E+12,4.0,3.0,4.0,2.0,2.2857142857142856,2.0714285714285716,6,1,10,2.0
2024-10-14,Ph01_Z01_C01,6.25188E+12,2.0,4.0,1.0,3.0,2.4285714285714284,2.0,0,0,10,2.0
2024-10-15,Ph01_Z01_C01,6.25188E+12,2.0,2.0,1.0,1.0,2.5714285714285716,2.0714285714285716,1,0,10,2.0
2024-10-16,Ph01_Z01_C01,6.25188E+12,2.0,2.0,0.0,1.0,2.857142857142857,2.142857142857143,2,0,10,3.0
2024-10-17,Ph01_Z01_C01,6.25188E+12,3.0,2.0,0.0,3.0,3.2857142857142856,2.142857142857143,3,0,10,1.0
2024-10-18,Ph01_Z01_C01,6.25188E+12,1.0,3.0,7.0,0.0,2.4285714285714284,2.2142857142857144,4,0,10,4.0
2024-10-19,Ph01_Z01_C01,6.25188E+12,4.0,1.0,3.0,1.0,2.5714285714285716,2.4285714285714284,5,1,10,3.0
2024-10-20,Ph01_Z01_C01,6.25188E+12,3.0,4.0,4.0,4.0,2.4285714285714284,2.357142857142857,6,1,10,2.0
2024-10-21,Ph01_Z01_C01,6.25188E+12,2.0,3.0,2.0,1.0,2.4285714285714284,2.4285714285714284,0,0,10,1.0
2024-10-22,Ph01_Z01_C01,6.25188E+12,1.0,2.0,2.0,1.0,2.2857142857142856,2.4285714285714284,1,0,10,0.0
2024-10-23,Ph01_Z01_C01,6.25188E+12,0.0,1.0,2.0,0.0,2.0,2.4285714285714284,2,0,10,2.0
2024-10-24,Ph01_Z01_C01,6.25188E+12,2.0,0.0,3.0,0.0,1.8571428571428572,2.5714285714285716,3,0,10,1.0
2024-10-25,Ph01_Z01_C01,6.25188E+12,1.0,2.0,1.0,7.0,1.8571428571428572,2.142857142857143,4,0,10,1.0
2024-10-26,Ph01_Z01_C01,6.25188E+12,1.0,1.0,4.0,3.0,1.4285714285714286,2.0,5,1,10,0.0
2024-10-27,Ph01_Z01_C01,6.25188E+12,0.0,1.0,3.0,4.0,1.0,1.7142857142857142,6,1,10,1.0
2024-10-28,Ph01_Z01_C01,6.25188E+12,1.0,0.0,2.0,2.0,0.8571428571428571,1.6428571428571428,0,0,10,4.0
2024-10-29,Ph01_Z01_C01,6.25188E+12,4.0,1.0,1.0,2.0,1.2857142857142858,1.7857142857142858,1,0,10,2.0
2024-10-30,Ph01_Z01_C01,6.25188E+12,2.0,4.0,0.0,2.0,1.5714285714285714,1.7857142857142858,2,0,10,0.0
2024-10-31,Ph01_Z01_C01,6.25188E+12,0.0,2.0,2.0,3.0,1.2857142857142858,1.5714285714285714,3,0,10,1.0
2024-01-01,Ph01_Z01_C01,6.2911E+12,1.0,0.0,0.0,0.0,1.0,1.0,0,0,1,2.0
2024-01-02,Ph01_Z01_C01,6.2911E+12,2.0,1.0,0.0,0.0,1.5,1.5,1,0,1,2.0
2024-01-03,Ph01_Z01_C01,6.2911E+12,2.0,2.0,0.0,0.0,1.6666666666666667,1.6666666666666667,2,0,1,1.0
2024-01-04,Ph01_Z01_C01,6.2911E+12,1.0,2.0,0.0,0.0,1.5,1.5,3,0,1,1.0
2024-01-05,Ph01_Z01_C01,6.2911E+12,1.0,1.0,0.0,0.0,1.4,1.4,4,0,1,2.0
2024-01-06,Ph01_Z01_C01,6.2911E+12,2.0,1.0,0.0,0.0,1.5,1.5,5,1,1,0.0
2024-01-07,Ph01_Z01_C01,6.2911E+12,0.0,2.0,0.0,0.0,1.2857142857142858,1.2857142857142858,6,1,1,2.0
2024-01-08,Ph01_Z01_C01,6.2911E+12,2.0,0.0,1.0,0.0,1.4285714285714286,1.375,0,0,1,1.0
2024-01-09,Ph01_Z01_C01,6.2911E+12,1.0,2.0,2.0,0.0,1.2857142857142858,1.3333333333333333,1,0,1,2.0
2024-01-10,Ph01_Z01_C01,6.2911E+12,2.0,1.0,2.0,0.0,1.2857142857142858,1.4,2,0,1,5.0
2024-01-11,Ph01_Z01_C01,6.2911E+12,5.0,2.0,1.0,0.0,1.8571428571428572,1.7272727272727273,3,0,1,1.0
2024-01-12,Ph01_Z01_C01,6.2911E+12,1.0,5.0,1.0,0.0,1.8571428571428572,1.6666666666666667,4,0,1,4.0
2024-01-13,Ph01_Z01_C01,6.2911E+12,4.0,1.0,2.0,0.0,2.142857142857143,1.8461538461538463,5,1,1,1.0
2024-01-14,Ph01_Z01_C01,6.2911E+12,1.0,4.0,0.0,0.0,2.2857142857142856,1.7857142857142858,6,1,1,1.0
2024-01-15,Ph01_Z01_C01,6.2911E+12,1.0,1.0,2.0,1.0,2.142857142857143,1.7857142857142858,0,0,1,2.0
2024-01-16,Ph01_Z01_C01,6.2911E+12,2.0,1.0,1.0,2.0,2.2857142857142856,1.7857142857142858,1,0,1,4.0
2024-01-17,Ph01_Z01_C01,6.2911E+12,4.0,2.0,2.0,2.0,2.5714285714285716,1.9285714285714286,2,0,1,0.0
2024-01-18,Ph01_Z01_C01,6.2911E+12,0.0,4.0,5.0,1.0,1.8571428571428572,1.8571428571428572,3,0,1,3.0
2024-01-19,Ph01_Z01_C01,6.2911E+12,3.0,0.0,1.0,1.0,2.142857142857143,2.0,4,0,1,3.0
2024-01-20,Ph01_Z01_C01,6.2911E+12,3.0,3.0,4.0,2.0,2.0,2.0714285714285716,5,1,1,4.0
2024-01-21,Ph01_Z01_C01,6.2911E+12,4.0,3.0,1.0,0.0,2.4285714285714284,2.357142857142857,6,1,1,2.0
2024-01-22,Ph01_Z01_C01,6.2911E+12,2.0,4.0,1.0,2.0,2.5714285714285716,2.357142857142857,0,0,1,0.0
2024-01-23,Ph01_Z01_C01,6.2911E+12,0.0,2.0,2.0,1.0,2.2857142857142856,2.2857142857142856,1,0,1,3.0
2024-01-24,Ph01_Z01_C01,6.2911E+12,3.0,0.0,4.0,2.0,2.142857142857143,2.357142857142857,2,0,1,1.0
2024-01-25,Ph01_Z01_C01,6.2911E+12,1.0,3.0,0.0,5.0,2.2857142857142856,2.0714285714285716,3,0,1,1.0
2024-01-26,Ph01_Z01_C01,6.2911E+12,1.0,1.0,3.0,1.0,2.0,2.0714285714285716,4,0,1,0.0
2024-01-27,Ph01_Z01_C01,6.2911E+12,0.0,1.0,3.0,4.0,1.5714285714285714,1.7857142857142858,5,1,1,2.0
2024-01-28,Ph01_Z01_C01,6.2911E+12,2.0,0.0,4.0,1.0,1.2857142857142858,1.8571428571428572,6,1,1,3.0
2024-01-29,Ph01_Z01_C01,6.2911E+12,3.0,2.0,2.0,1.0,1.4285714285714286,2.0,0,0,1,0.0
2024-01-30,Ph01_Z01_C01,6.2911E+12,0.0,3.0,0.0,2.0,1.4285714285714286,1.8571428571428572,1,0,1,1.0
2024-01-31,Ph01_Z01_C01,6.2911E+12,1.0,0.0,3.0,4.0,1.1428571428571428,1.6428571428571428,2,0,1,2.0
2024-02-01,Ph01_Z01_C01,6.2911E+12,2.0,1.0,1.0,0.0,1.2857142857142858,1.7857142857142858,3,0,2,1.0
2024-02-02,Ph01_Z01_C01,6.2911E+12,1.0,2.0,1.0,3.0,1.2857142857142858,1.6428571428571428,4,0,2,3.0
2024-02-03,Ph01_Z01_C01,6.2911E+12,3.0,1.0,0.0,3.0,1.7142857142857142,1.6428571428571428,5,1,2,1.0
2024-02-04,Ph01_Z01_C01,6.2911E+12,1.0,3.0,2.0,4.0,1.5714285714285714,1.4285714285714286,6,1,2,3.0
2024-02-05,Ph01_Z01_C01,6.2911E+12,3.0,1.0,3.0,2.0,1.5714285714285714,1.5,0,0,2,4.0
2024-02-06,Ph01_Z01_C01,6.2911E+12,4.0,3.0,0.0,0.0,2.142857142857143,1.7857142857142858,1,0,2,6.0
2024-02-07,Ph01_Z01_C01,6.2911E+12,6.0,4.0,1.0,3.0,2.857142857142857,2.0,2,0,2,1.0
2024-02-08,Ph01_Z01_C01,6.2911E+12,1.0,6.0,2.0,1.0,2.7142857142857144,2.0,3,0,2,1.0
2024-02-09,Ph01_Z01_C01,6.2911E+12,1.0,1.0,1.0,1.0,2.7142857142857144,2.0,4,0,2,3.0
2024-02-10,Ph01_Z01_C01,6.2911E+12,3.0,1.0,3.0,0.0,2.7142857142857144,2.2142857142857144,5,1,2,7.0
2024-02-11,Ph01_Z01_C01,6.2911E+12,7.0,3.0,1.0,2.0,3.5714285714285716,2.5714285714285716,6,1,2,2.0
2024-02-12,Ph01_Z01_C01,6.2911E+12,2.0,7.0,3.0,3.0,3.4285714285714284,2.5,0,0,2,3.0
2024-02-13,Ph01_Z01_C01,6.2911E+12,3.0,2.0,4.0,0.0,3.2857142857142856,2.7142857142857144,1,0,2,3.0
2024-02-14,Ph01_Z01_C01,6.2911E+12,3.0,3.0,6.0,1.0,2.857142857142857,2.857142857142857,2,0,2,3.0
2024-02-15,Ph01_Z01_C01,6.2911E+12,3.0,3.0,1.0,2.0,3.142857142857143,2.9285714285714284,3,0,2,4.0
2024-02-16,Ph01_Z01_C01,6.2911E+12,4.0,3.0,1.0,1.0,3.5714285714285716,3.142857142857143,4,0,2,4.0
2024-02-17,Ph01_Z01_C01,6.2911E+12,4.0,4.0,3.0,3.0,3.7142857142857144,3.2142857142857144,5,1,2,3.0
2024-02-18,Ph01_Z01_C01,6.2911E+12,3.0,4.0,7.0,1.0,3.142857142857143,3.357142857142857,6,1,2,1.0
2024-02-19,Ph01_Z01_C01,6.2911E+12,1.0,3.0,2.0,3.0,3.0,3.2142857142857144,0,0,2,5.0
2024-02-20,Ph01_Z01_C01,6.2911E+12,5.0,1.0,3.0,4.0,3.2857142857142856,3.2857142857142856,1,0,2,3.0
2024-02-21,Ph01_Z01_C01,6.2911E+12,3.0,5.0,3.0,6.0,3.2857142857142856,3.0714285714285716,2,0,2,3.0
2024-02-22,Ph01_Z01_C01,6.2911E+12,3.0,3.0,3.0,1.0,3.2857142857142856,3.2142857142857144,3,0,2,2.0
2024-02-23,Ph01_Z01_C01,6.2911E+12,2.0,3.0,4.0,1.0,3.0,3.2857142857142856,4,0,2,1.0
2024-02-24,Ph01_Z01_C01,6.2911E+12,1.0,2.0,4.0,3.0,2.5714285714285716,3.142857142857143,5,1,2,0.0
2024-02-25,Ph01_Z01_C01,6.2911E+12,0.0,1.0,3.0,7.0,2.142857142857143,2.642857142857143,6,1,2,4.0
2024-02-26,Ph01_Z01_C01,6.2911E+12,4.0,0.0,1.0,2.0,2.5714285714285716,2.7857142857142856,0,0,2,1.0
2024-02-27,Ph01_Z01_C01,6.2911E+12,1.0,4.0,5.0,3.0,2.0,2.642857142857143,1,0,2,4.0
2024-02-28,Ph01_Z01_C01,6.2911E+12,4.0,1.0,3.0,3.0,2.142857142857143,2.7142857142857144,2,0,2,3.0
2024-02-29,Ph01_Z01_C01,6.2911E+12,3.0,4.0,3.0,3.0,2.142857142857143,2.7142857142857144,3,0,2,6.0
2024-03-01,Ph01_Z01_C01,6.2911E+12,6.0,3.0,2.0,4.0,2.7142857142857144,2.857142857142857,4,0,3,2.0
2024-03-02,Ph01_Z01_C01,6.2911E+12,2.0,6.0,1.0,4.0,2.857142857142857,2.7142857142857144,5,1,3,3.0
2024-03-03,Ph01_Z01_C01,6.2911E+12,3.0,2.0,0.0,3.0,3.2857142857142856,2.7142857142857144,6,1,3,5.0
2024-03-04,Ph01_Z01_C01,6.2911E+12,5.0,3.0,4.0,1.0,3.4285714285714284,3.0,0,0,3,1.0
2024-03-05,Ph01_Z01_C01,6.2911E+12,1.0,5.0,1.0,5.0,3.4285714285714284,2.7142857142857144,1,0,3,2.0
2024-03-06,Ph01_Z01_C01,6.2911E+12,2.0,1.0,4.0,3.0,3.142857142857143,2.642857142857143,2,0,3,1.0
2024-03-07,Ph01_Z01_C01,6.2911E+12,1.0,2.0,3.0,3.0,2.857142857142857,2.5,3,0,3,1.0
2024-03-08,Ph01_Z01_C01,6.2911E+12,1.0,1.0,6.0,2.0,2.142857142857143,2.4285714285714284,4,0,3,2.0
2024-03-09,Ph01_Z01_C01,6.2911E+12,2.0,1.0,2.0,1.0,2.142857142857143,2.5,5,1,3,8.0
2024-03-10,Ph01_Z01_C01,6.2911E+12,8.0,2.0,3.0,0.0,2.857142857142857,3.0714285714285716,6,1,3,1.0
2024-03-11,Ph01_Z01_C01,6.2911E+12,1.0,8.0,5.0,4.0,2.2857142857142856,2.857142857142857,0,0,3,3.0
2024-03-12,Ph01_Z01_C01,6.2911E+12,3.0,1.0,1.0,1.0,2.5714285714285716,3.0,1,0,3,4.0
2024-03-13,Ph01_Z01_C01,6.2911E+12,4.0,3.0,2.0,4.0,2.857142857142857,3.0,2,0,3,3.0
2024-03-14,Ph01_Z01_C01,6.2911E+12,3.0,4.0,1.0,3.0,3.142857142857143,3.0,3,0,3,3.0
2024-03-15,Ph01_Z01_C01,6.2911E+12,3.0,3.0,1.0,6.0,3.4285714285714284,2.7857142857142856,4,0,3,6.0
2024-03-16,Ph01_Z01_C01,6.2911E+12,6.0,3.0,2.0,2.0,4.0,3.0714285714285716,5,1,3,2.0
2024-03-17,Ph01_Z01_C01,6.2911E+12,2.0,6.0,8.0,3.0,3.142857142857143,3.0,6,1,3,4.0
2024-03-18,Ph01_Z01_C01,6.2911E+12,4.0,2.0,1.0,5.0,3.5714285714285716,2.9285714285714284,0,0,3,1.0
2024-03-19,Ph01_Z01_C01,6.2911E+12,1.0,4.0,3.0,1.0,3.2857142857142856,2.9285714285714284,1,0,3,2.0
2024-03-20,Ph01_Z01_C01,6.2911E+12,2.0,1.0,4.0,2.0,3.0,2.9285714285714284,2,0,3,4.0
2024-03-21,Ph01_Z01_C01,6.2911E+12,4.0,2.0,3.0,1.0,3.142857142857143,3.142857142857143,3,0,3,2.0
2024-03-22,Ph01_Z01_C01,6.2911E+12,2.0,4.0,3.0,1.0,3.0,3.2142857142857144,4,0,3,3.0
2024-03-23,Ph01_Z01_C01,6.2911E+12,3.0,2.0,6.0,2.0,2.5714285714285716,3.2857142857142856,5,1,3,2.0
2024-03-24,Ph01_Z01_C01,6.2911E+12,2.0,3.0,2.0,8.0,2.5714285714285716,2.857142857142857,6,1,3,1.0
2024-03-25,Ph01_Z01_C01,6.2911E+12,1.0,2.0,4.0,1.0,2.142857142857143,2.857142857142857,0,0,3,1.0
2024-03-26,Ph01_Z01_C01,6.2911E+12,1.0,1.0,1.0,3.0,2.142857142857143,2.7142857142857144,1,0,3,2.0
2024-03-27,Ph01_Z01_C01,6.2911E+12,2.0,1.0,2.0,4.0,2.142857142857143,2.5714285714285716,2,0,3,2.0
2024-03-28,Ph01_Z01_C01,6.2911E+12,2.0,2.0,4.0,3.0,1.8571428571428572,2.5,3,0,3,4.0
2024-03-29,Ph01_Z01_C01,6.2911E+12,4.0,2.0,2.0,3.0,2.142857142857143,2.5714285714285716,4,0,3,2.0
2024-03-30,Ph01_Z01_C01,6.2911E+12,2.0,4.0,3.0,6.0,2.0,2.2857142857142856,5,1,3,6.0
2024-03-31,Ph01_Z01_C01,6.2911E+12,6.0,2.0,2.0,2.0,2.5714285714285716,2.5714285714285716,6,1,3,1.0
2024-04-01,Ph01_Z01_C01,6.2911E+12,1.0,6.0,1.0,4.0,2.5714285714285716,2.357142857142857,0,0,4,1.0
2024-04-02,Ph01_Z01_C01,6.2911E+12,1.0,1.0,1.0,1.0,2.5714285714285716,2.357142857142857,1,0,4,5.0
2024-04-03,Ph01_Z01_C01,6.2911E+12,5.0,1.0,2.0,2.0,3.0,2.5714285714285716,2,0,4,6.0
2024-04-04,Ph01_Z01_C01,6.2911E+12,6.0,5.0,2.0,4.0,3.5714285714285716,2.7142857142857144,3,0,4,2.0
2024-04-05,Ph01_Z01_C01,6.2911E+12,2.0,6.0,4.0,2.0,3.2857142857142856,2.7142857142857144,4,0,4,3.0
2024-04-06,Ph01_Z01_C01,6.2911E+12,3.0,2.0,2.0,3.0,3.4285714285714284,2.7142857142857144,5,1,4,3.0
2024-04-07,Ph01_Z01_C01,6.2911E+12,3.0,3.0,6.0,2.0,3.0,2.7857142857142856,6,1,4,1.0
2024-04-08,Ph01_Z01_C01,6.2911E+12,1.0,3.0,1.0,1.0,3.0,2.7857142857142856,0,0,4,3.0
2024-04-09,Ph01_Z01_C01,6.2911E+12,3.0,1.0,1.0,1.0,3.2857142857142856,2.9285714285714284,1,0,4,5.0
2024-04-10,Ph01_Z01_C01,6.2911E+12,5.0,3.0,5.0,2.0,3.2857142857142856,3.142857142857143,2,0,4,2.0
2024-04-11,Ph01_Z01_C01,6.2911E+12,2.0,5.0,6.0,2.0,2.7142857142857144,3.142857142857143,3,0,4,2.0
2024-04-12,Ph01_Z01_C01,6.2911E+12,2.0,2.0,2.0,4.0,2.7142857142857144,3.0,4,0,4,1.0
2024-04-13,Ph01_Z01_C01,6.2911E+12,1.0,2.0,3.0,2.0,2.4285714285714284,2.9285714285714284,5,1,4,1.0
2024-04-14,Ph01_Z01_C01,6.2911E+12,1.0,1.0,3.0,6.0,2.142857142857143,2.5714285714285716,6,1,4,8.0
2024-04-15,Ph01_Z01_C01,6.2911E+12,8.0,1.0,1.0,1.0,3.142857142857143,3.0714285714285716,0,0,4,4.0
2024-04-16,Ph01_Z01_C01,6.2911E+12,4.0,8.0,3.0,1.0,3.2857142857142856,3.2857142857142856,1,0,4,2.0
2024-04-17,Ph01_Z01_C01,6.2911E+12,2.0,4.0,5.0,5.0,2.857142857142857,3.0714285714285716,2,0,4,4.0
2024-04-18,Ph01_Z01_C01,6.2911E+12,4.0,2.0,2.0,6.0,3.142857142857143,2.9285714285714284,3,0,4,3.0
2024-04-19,Ph01_Z01_C01,6.2911E+12,3.0,4.0,2.0,2.0,3.2857142857142856,3.0,4,0,4,1.0
2024-04-20,Ph01_Z01_C01,6.2911E+12,1.0,3.0,1.0,3.0,3.2857142857142856,2.857142857142857,5,1,4,1.0
2024-04-21,Ph01_Z01_C01,6.2911E+12,1.0,1.0,1.0,3.0,3.2857142857142856,2.7142857142857144,6,1,4,2.0
2024-04-22,Ph01_Z01_C01,6.2911E+12,2.0,1.0,8.0,1.0,2.4285714285714284,2.7857142857142856,0,0,4,3.0
2024-04-23,Ph01_Z01_C01,6.2911E+12,3.0,2.0,4.0,3.0,2.2857142857142856,2.7857142857142856,1,0,4,3.0
2024-04-24,Ph01_Z01_C01,6.2911E+12,3.0,3.0,2.0,5.0,2.4285714285714284,2.642857142857143,2,0,4,1.0
2024-04-25,Ph01_Z01_C01,6.2911E+12,1.0,3.0,4.0,2.0,2.0,2.5714285714285716,3,0,4,1.0
2024-04-26,Ph01_Z01_C01,6.2911E+12,1.0,1.0,3.0,2.0,1.7142857142857142,2.5,4,0,4,3.0
2024-04-27,Ph01_Z01_C01,6.2911E+12,3.0,1.0,1.0,1.0,2.0,2.642857142857143,5,1,4,4.0
2024-04-28,Ph01_Z01_C01,6.2911E+12,4.0,3.0,1.0,1.0,2.4285714285714284,2.857142857142857,6,1,4,6.0
2024-04-29,Ph01_Z01_C01,6.2911E+12,6.0,4.0,2.0,8.0,3.0,2.7142857142857144,0,0,4,5.0
2024-04-30,Ph01_Z01_C01,6.2911E+12,5.0,6.0,3.0,4.0,3.2857142857142856,2.7857142857142856,1,0,4,3.0
2024-05-01,Ph01_Z01_C01,6.2911E+12,3.0,5.0,3.0,2.0,3.2857142857142856,2.857142857142857,2,0,5,6.0
2024-05-02,Ph01_Z01_C01,6.2911E+12,6.0,3.0,1.0,4.0,4.0,3.0,3,0,5,0.0
2024-05-03,Ph01_Z01_C01,6.2911E+12,0.0,6.0,1.0,3.0,3.857142857142857,2.7857142857142856,4,0,5,1.0
2024-05-04,Ph01_Z01_C01,6.2911E+12,1.0,0.0,3.0,1.0,3.5714285714285716,2.7857142857142856,5,1,5,6.0
2024-05-05,Ph01_Z01_C01,6.2911E+12,6.0,1.0,4.0,1.0,3.857142857142857,3.142857142857143,6,1,5,2.0
2024-05-06,Ph01_Z01_C01,6.2911E+12,2.0,6.0,6.0,2.0,3.2857142857142856,3.142857142857143,0,0,5,4.0
2024-05-07,Ph01_Z01_C01,6.2911E+12,4.0,2.0,5.0,3.0,3.142857142857143,3.2142857142857144,1,0,5,3.0
2024-05-08,Ph01_Z01_C01,6.2911E+12,3.0,4.0,3.0,3.0,3.142857142857143,3.2142857142857144,2,0,5,1.0
2024-05-09,Ph01_Z01_C01,6.2911E+12,1.0,3.0,6.0,1.0,2.4285714285714284,3.2142857142857144,3,0,5,1.0
2024-05-10,Ph01_Z01_C01,6.2911E+12,1.0,1.0,0.0,1.0,2.5714285714285716,3.2142857142857144,4,0,5,3.0
2024-05-11,Ph01_Z01_C01,6.2911E+12,3.0,1.0,1.0,3.0,2.857142857142857,3.2142857142857144,5,1,5,6.0
2024-05-12,Ph01_Z01_C01,6.2911E+12,6.0,3.0,6.0,4.0,2.857142857142857,3.357142857142857,6,1,5,5.0
2024-05-13,Ph01_Z01_C01,6.2911E+12,5.0,6.0,2.0,6.0,3.2857142857142856,3.2857142857142856,0,0,5,2.0
2024-05-14,Ph01_Z01_C01,6.2911E+12,2.0,5.0,4.0,5.0,3.0,3.0714285714285716,1,0,5,5.0
2024-05-15,Ph01_Z01_C01,6.2911E+12,5.0,2.0,3.0,3.0,3.2857142857142856,3.2142857142857144,2,0,5,0.0
2024-05-16,Ph01_Z01_C01,6.2911E+12,0.0,5.0,1.0,6.0,3.142857142857143,2.7857142857142856,3,0,5,2.0
2024-05-17,Ph01_Z01_C01,6.2911E+12,2.0,0.0,1.0,0.0,3.2857142857142856,2.9285714285714284,4,0,5,2.0
2024-05-18,Ph01_Z01_C01,6.2911E+12,2.0,2.0,3.0,1.0,3.142857142857143,3.0,5,1,5,2.0
2024-05-19,Ph01_Z01_C01,6.2911E+12,2.0,2.0,6.0,6.0,2.5714285714285716,2.7142857142857144,6,1,5,0.0
2024-05-20,Ph01_Z01_C01,6.2911E+12,0.0,2.0,5.0,2.0,1.8571428571428572,2.5714285714285716,0,0,5,2.0
2024-05-21,Ph01_Z01_C01,6.2911E+12,2.0,0.0,2.0,4.0,1.8571428571428572,2.4285714285714284,1,0,5,6.0
2024-05-22,Ph01_Z01_C01,6.2911E+12,6.0,2.0,5.0,3.0,2.0,2.642857142857143,2,0,5,3.0
2024-05-23,Ph01_Z01_C01,6.2911E+12,3.0,6.0,0.0,1.0,2.4285714285714284,2.7857142857142856,3,0,5,1.0
2024-05-24,Ph01_Z01_C01,6.2911E+12,1.0,3.0,2.0,1.0,2.2857142857142856,2.7857142857142856,4,0,5,1.0
2024-05-25,Ph01_Z01_C01,6.2911E+12,1.0,1.0,2.0,3.0,2.142857142857143,2.642857142857143,5,1,5,2.0
2024-05-26,Ph01_Z01_C01,6.2911E+12,2.0,1.0,2.0,6.0,2.142857142857143,2.357142857142857,6,1,5,0.0
2024-05-27,Ph01_Z01_C01,6.2911E+12,0.0,2.0,0.0,5.0,2.142857142857143,2.0,0,0,5,4.0
2024-05-28,Ph01_Z01_C01,6.2911E+12,4.0,0.0,2.0,2.0,2.4285714285714284,2.142857142857143,1,0,5,4.0
2024-05-29,Ph01_Z01_C01,6.2911E+12,4.0,4.0,6.0,5.0,2.142857142857143,2.0714285714285716,2,0,5,6.0
2024-05-30,Ph01_Z01_C01,6.2911E+12,6.0,4.0,3.0,0.0,2.5714285714285716,2.5,3,0,5,4.0
2024-05-31,Ph01_Z01_C01,6.2911E+12,4.0,6.0,1.0,2.0,3.0,2.642857142857143,4,0,5,1.0
2024-06-01,Ph01_Z01_C01,6.2911E+12,1.0,4.0,1.0,2.0,3.0,2.5714285714285716,5,1,6,4.0
2024-06-02,Ph01_Z01_C01,6.2911E+12,4.0,1.0,2.0,2.0,3.2857142857142856,2.7142857142857144,6,1,6,2.0
2024-06-03,Ph01_Z01_C01,6.2911E+12,2.0,4.0,0.0,0.0,3.5714285714285716,2.857142857142857,0,0,6,3.0
2024-06-04,Ph01_Z01_C01,6.2911E+12,3.0,2.0,4.0,2.0,3.4285714285714284,2.9285714285714284,1,0,6,4.0
2024-06-05,Ph01_Z01_C01,6.2911E+12,4.0,3.0,4.0,6.0,3.4285714285714284,2.7857142857142856,2,0,6,0.0
2024-06-06,Ph01_Z01_C01,6.2911E+12,0.0,4.0,6.0,3.0,2.5714285714285716,2.5714285714285716,3,0,6,0.0
2024-06-07,Ph01_Z01_C01,6.2911E+12,0.0,0.0,4.0,1.0,2.0,2.5,4,0,6,1.0
2024-06-08,Ph01_Z01_C01,6.2911E+12,1.0,0.0,1.0,1.0,2.0,2.5,5,1,6,2.0
2024-06-09,Ph01_Z01_C01,6.2911E+12,2.0,1.0,4.0,2.0,1.7142857142857142,2.5,6,1,6,6.0
2024-06-10,Ph01_Z01_C01,6.2911E+12,6.0,2.0,2.0,0.0,2.2857142857142856,2.9285714285714284,0,0,6,4.0
2024-06-11,Ph01_Z01_C01,6.2911E+12,4.0,6.0,3.0,4.0,2.4285714285714284,2.9285714285714284,1,0,6,2.0
2024-06-12,Ph01_Z01_C01,6.2911E+12,2.0,4.0,4.0,4.0,2.142857142857143,2.7857142857142856,2,0,6,2.0
2024-06-13,Ph01_Z01_C01,6.2911E+12,2.0,2.0,0.0,6.0,2.4285714285714284,2.5,3,0,6,1.0
2024-06-14,Ph01_Z01_C01,6.2911E+12,1.0,2.0,0.0,4.0,2.5714285714285716,2.2857142857142856,4,0,6,4.0
2024-06-15,Ph01_Z01_C01,6.2911E+12,4.0,1.0,1.0,1.0,3.0,2.5,5,1,6,0.0
2024-06-16,Ph01_Z01_C01,6.2911E+12,0.0,4.0,2.0,4.0,2.7142857142857144,2.2142857142857144,6,1,6,4.0
2024-06-17,Ph01_Z01_C01,6.2911E+12,4.0,0.0,6.0,2.0,2.4285714285714284,2.357142857142857,0,0,6,6.0
2024-06-18,Ph01_Z01_C01,6.2911E+12,6.0,4.0,4.0,3.0,2.7142857142857144,2.5714285714285716,1,0,6,3.0
2024-06-19,Ph01_Z01_C01,6.2911E+12,3.0,6.0,2.0,4.0,2.857142857142857,2.5,2,0,6,2.0
2024-06-20,Ph01_Z01_C01,6.2911E+12,2.0,3.0,2.0,0.0,2.857142857142857,2.642857142857143,3,0,6,0.0
2024-06-21,Ph01_Z01_C01,6.2911E+12,0.0,2.0,1.0,0.0,2.7142857142857144,2.642857142857143,4,0,6,5.0
2024-06-22,Ph01_Z01_C01,6.2911E+12,5.0,0.0,4.0,1.0,2.857142857142857,2.9285714285714284,5,1,6,4.0
2024-06-23,Ph01_Z01_C01,6.2911E+12,4.0,5.0,0.0,2.0,3.4285714285714284,3.0714285714285716,6,1,6,1.0
2024-06-24,Ph01_Z01_C01,6.2911E+12,1.0,4.0,4.0,6.0,3.0,2.7142857142857144,0,0,6,2.0
2024-06-25,Ph01_Z01_C01,6.2911E+12,2.0,1.0,6.0,4.0,2.4285714285714284,2.5714285714285716,1,0,6,1.0
2024-06-26,Ph01_Z01_C01,6.2911E+12,1.0,2.0,3.0,2.0,2.142857142857143,2.5,2,0,6,2.0
2024-06-27,Ph01_Z01_C01,6.2911E+12,2.0,1.0,2.0,2.0,2.142857142857143,2.5,3,0,6,4.0
2024-06-28,Ph01_Z01_C01,6.2911E+12,4.0,2.0,0.0,1.0,2.7142857142857144,2.7142857142857144,4,0,6,4.0
2024-06-29,Ph01_Z01_C01,6.2911E+12,4.0,4.0,5.0,4.0,2.5714285714285716,2.7142857142857144,5,1,6,2.0
2024-06-30,Ph01_Z01_C01,6.2911E+12,2.0,4.0,4.0,0.0,2.2857142857142856,2.857142857142857,6,1,6,5.0
2024-07-01,Ph01_Z01_C01,6.2911E+12,5.0,2.0,1.0,4.0,2.857142857142857,2.9285714285714284,0,0,7,1.0
2024-07-02,Ph01_Z01_C01,6.2911E+12,1.0,5.0,2.0,6.0,2.7142857142857144,2.5714285714285716,1,0,7,1.0
2024-07-03,Ph01_Z01_C01,6.2911E+12,1.0,1.0,1.0,3.0,2.7142857142857144,2.4285714285714284,2,0,7,2.0
2024-07-04,Ph01_Z01_C01,6.2911E+12,2.0,1.0,2.0,2.0,2.7142857142857144,2.4285714285714284,3,0,7,3.0
2024-07-05,Ph01_Z01_C01,6.2911E+12,3.0,2.0,4.0,0.0,2.5714285714285716,2.642857142857143,4,0,7,1.0
2024-07-06,Ph01_Z01_C01,6.2911E+12,1.0,3.0,4.0,5.0,2.142857142857143,2.357142857142857,5,1,7,2.0
2024-07-07,Ph01_Z01_C01,6.2911E+12,2.0,1.0,2.0,4.0,2.142857142857143,2.2142857142857144,6,1,7,5.0
2024-07-08,Ph01_Z01_C01,6.2911E+12,5.0,2.0,5.0,1.0,2.142857142857143,2.5,0,0,7,1.0
2024-07-09,Ph01_Z01_C01,6.2911E+12,1.0,5.0,1.0,2.0,2.142857142857143,2.4285714285714284,1,0,7,0.0
2024-07-10,Ph01_Z01_C01,6.2911E+12,0.0,1.0,1.0,1.0,2.0,2.357142857142857,2,0,7,5.0
2024-07-11,Ph01_Z01_C01,6.2911E+12,5.0,0.0,2.0,2.0,2.4285714285714284,2.5714285714285716,3,0,7,4.0
2024-07-12,Ph01_Z01_C01,6.2911E+12,4.0,5.0,3.0,4.0,2.5714285714285716,2.5714285714285716,4,0,7,1.0
2024-07-13,Ph01_Z01_C01,6.2911E+12,1.0,4.0,1.0,4.0,2.5714285714285716,2.357142857142857,5,1,7,8.0
2024-07-14,Ph01_Z01_C01,6.2911E+12,8.0,1.0,2.0,2.0,3.4285714285714284,2.7857142857142856,6,1,7,1.0
2024-07-15,Ph01_Z01_C01,6.2911E+12,1.0,8.0,5.0,5.0,2.857142857142857,2.5,0,0,7,2.0
2024-07-16,Ph01_Z01_C01,6.2911E+12,2.0,1.0,1.0,1.0,3.0,2.5714285714285716,1,0,7,4.0
2024-07-17,Ph01_Z01_C01,6.2911E+12,4.0,2.0,0.0,1.0,3.5714285714285716,2.7857142857142856,2,0,7,4.0
2024-07-18,Ph01_Z01_C01,6.2911E+12,4.0,4.0,5.0,2.0,3.4285714285714284,2.9285714285714284,3,0,7,3.0
2024-07-19,Ph01_Z01_C01,6.2911E+12,3.0,4.0,4.0,3.0,3.2857142857142856,2.9285714285714284,4,0,7,3.0
2024-07-20,Ph01_Z01_C01,6.2911E+12,3.0,3.0,1.0,1.0,3.5714285714285716,3.0714285714285716,5,1,7,1.0
2024-07-21,Ph01_Z01_C01,6.2911E+12,1.0,3.0,8.0,2.0,2.5714285714285716,3.0,6,1,7,5.0
2024-07-22,Ph01_Z01_C01,6.2911E+12,5.0,1.0,1.0,5.0,3.142857142857143,3.0,0,0,7,3.0
2024-07-23,Ph01_Z01_C01,6.2911E+12,3.0,5.0,2.0,1.0,3.2857142857142856,3.142857142857143,1,0,7,1.0
2024-07-24,Ph01_Z01_C01,6.2911E+12,1.0,3.0,4.0,0.0,2.857142857142857,3.2142857142857144,2,0,7,3.0
2024-07-25,Ph01_Z01_C01,6.2911E+12,3.0,1.0,4.0,5.0,2.7142857142857144,3.0714285714285716,3,0,7,0.0
2024-07-26,Ph01_Z01_C01,6.2911E+12,0.0,3.0,3.0,4.0,2.2857142857142856,2.7857142857142856,4,0,7,7.0
2024-07-27,Ph01_Z01_C01,6.2911E+12,7.0,0.0,3.0,1.0,2.857142857142857,3.2142857142857144,5,1,7,0.0
2024-07-28,Ph01_Z01_C01,6.2911E+12,0.0,7.0,1.0,8.0,2.7142857142857144,2.642857142857143,6,1,7,5.0
2024-07-29,Ph01_Z01_C01,6.2911E+12,5.0,0.0,5.0,1.0,2.7142857142857144,2.9285714285714284,0,0,7,0.0
2024-07-30,Ph01_Z01_C01,6.2911E+12,0.0,5.0,3.0,2.0,2.2857142857142856,2.7857142857142856,1,0,7,2.0
2024-07-31,Ph01_Z01_C01,6.2911E+12,2.0,0.0,1.0,4.0,2.4285714285714284,2.642857142857143,2,0,7,0.0
2024-08-01,Ph01_Z01_C01,6.2911E+12,0.0,2.0,3.0,4.0,2.0,2.357142857142857,3,0,8,1.0
2024-08-02,Ph01_Z01_C01,6.2911E+12,1.0,0.0,0.0,3.0,2.142857142857143,2.2142857142857144,4,0,8,5.0
2024-08-03,Ph01_Z01_C01,6.2911E+12,5.0,1.0,7.0,3.0,1.8571428571428572,2.357142857142857,5,1,8,4.0
2024-08-04,Ph01_Z01_C01,6.2911E+12,4.0,5.0,0.0,1.0,2.4285714285714284,2.5714285714285716,6,1,8,1.0
2024-08-05,Ph01_Z01_C01,6.2911E+12,1.0,4.0,5.0,5.0,1.8571428571428572,2.2857142857142856,0,0,8,0.0
2024-08-06,Ph01_Z01_C01,6.2911E+12,0.0,1.0,0.0,3.0,1.8571428571428572,2.0714285714285716,1,0,8,1.0
2024-08-07,Ph01_Z01_C01,6.2911E+12,1.0,0.0,2.0,1.0,1.7142857142857142,2.0714285714285716,2,0,8,3.0
2024-08-08,Ph01_Z01_C01,6.2911E+12,3.0,1.0,0.0,3.0,2.142857142857143,2.0714285714285716,3,0,8,2.0
2024-08-09,Ph01_Z01_C01,6.2911E+12,2.0,3.0,1.0,0.0,2.2857142857142856,2.2142857142857144,4,0,8,2.0
2024-08-10,Ph01_Z01_C01,6.2911E+12,2.0,2.0,5.0,7.0,1.8571428571428572,1.8571428571428572,5,1,8,3.0
2024-08-11,Ph01_Z01_C01,6.2911E+12,3.0,2.0,4.0,0.0,1.7142857142857142,2.0714285714285716,6,1,8,10.0
2024-08-12,Ph01_Z01_C01,6.2911E+12,10.0,3.0,1.0,5.0,3.0,2.4285714285714284,0,0,8,3.0
2024-08-13,Ph01_Z01_C01,6.2911E+12,3.0,10.0,0.0,0.0,3.4285714285714284,2.642857142857143,1,0,8,2.0
2024-08-14,Ph01_Z01_C01,6.2911E+12,2.0,3.0,1.0,2.0,3.5714285714285716,2.642857142857143,2,0,8,2.0
2024-08-15,Ph01_Z01_C01,6.2911E+12,2.0,2.0,3.0,0.0,3.4285714285714284,2.7857142857142856,3,0,8,4.0
2024-08-16,Ph01_Z01_C01,6.2911E+12,4.0,2.0,2.0,1.0,3.7142857142857144,3.0,4,0,8,1.0
2024-08-17,Ph01_Z01_C01,6.2911E+12,1.0,4.0,2.0,5.0,3.5714285714285716,2.7142857142857144,5,1,8,2.0
2024-08-18,Ph01_Z01_C01,6.2911E+12,2.0,1.0,3.0,4.0,3.4285714285714284,2.5714285714285716,6,1,8,2.0
2024-08-19,Ph01_Z01_C01,6.2911E+12,2.0,2.0,10.0,1.0,2.2857142857142856,2.642857142857143,0,0,8,1.0
2024-08-20,Ph01_Z01_C01,6.2911E+12,1.0,2.0,3.0,0.0,2.0,2.7142857142857144,1,0,8,4.0
2024-08-21,Ph01_Z01_C01,6.2911E+12,4.0,1.0,2.0,1.0,2.2857142857142856,2.9285714285714284,2,0,8,1.0
2024-08-22,Ph01_Z01_C01,6.2911E+12,1.0,4.0,2.0,3.0,2.142857142857143,2.7857142857142856,3,0,8,6.0
2024-08-23,Ph01_Z01_C01,6.2911E+12,6.0,1.0,4.0,2.0,2.4285714285714284,3.0714285714285716,4,0,8,3.0
2024-08-24,Ph01_Z01_C01,6.2911E+12,3.0,6.0,1.0,2.0,2.7142857142857144,3.142857142857143,5,1,8,4.0
2024-08-25,Ph01_Z01_C01,6.2911E+12,4.0,3.0,2.0,3.0,3.0,3.2142857142857144,6,1,8,1.0
2024-08-26,Ph01_Z01_C01,6.2911E+12,1.0,4.0,2.0,10.0,2.857142857142857,2.5714285714285716,0,0,8,3.0
2024-08-27,Ph01_Z01_C01,6.2911E+12,3.0,1.0,1.0,3.0,3.142857142857143,2.5714285714285716,1,0,8,3.0
2024-08-28,Ph01_Z01_C01,6.2911E+12,3.0,3.0,4.0,2.0,3.0,2.642857142857143,2,0,8,5.0
2024-08-29,Ph01_Z01_C01,6.2911E+12,5.0,3.0,1.0,2.0,3.5714285714285716,2.857142857142857,3,0,8,4.0
2024-08-30,Ph01_Z01_C01,6.2911E+12,4.0,5.0,6.0,4.0,3.2857142857142856,2.857142857142857,4,0,8,1.0
2024-08-31,Ph01_Z01_C01,6.2911E+12,1.0,4.0,3.0,1.0,3.0,2.857142857142857,5,1,8,4.0
2024-09-01,Ph01_Z01_C01,6.2911E+12,4.0,1.0,4.0,2.0,3.0,3.0,6,1,9,3.0
2024-09-02,Ph01_Z01_C01,6.2911E+12,3.0,4.0,1.0,2.0,3.2857142857142856,3.0714285714285716,0,0,9,0.0
2024-09-03,Ph01_Z01_C01,6.2911E+12,0.0,3.0,3.0,1.0,2.857142857142857,3.0,1,0,9,4.0
2024-09-04,Ph01_Z01_C01,6.2911E+12,4.0,0.0,3.0,4.0,3.0,3.0,2,0,9,8.0
2024-09-05,Ph01_Z01_C01,6.2911E+12,8.0,4.0,5.0,1.0,3.4285714285714284,3.5,3,0,9,1.0
2024-09-06,Ph01_Z01_C01,6.2911E+12,1.0,8.0,4.0,6.0,3.0,3.142857142857143,4,0,9,3.0
2024-09-07,Ph01_Z01_C01,6.2911E+12,3.0,1.0,1.0,3.0,3.2857142857142856,3.142857142857143,5,1,9,3.0
2024-09-08,Ph01_Z01_C01,6.2911E+12,3.0,3.0,4.0,4.0,3.142857142857143,3.0714285714285716,6,1,9,2.0
2024-09-09,Ph01_Z01_C01,6.2911E+12,2.0,3.0,3.0,1.0,3.0,3.142857142857143,0,0,9,2.0
2024-09-10,Ph01_Z01_C01,6.2911E+12,2.0,2.0,0.0,3.0,3.2857142857142856,3.0714285714285716,1,0,9,2.0
2024-09-11,Ph01_Z01_C01,6.2911E+12,2.0,2.0,4.0,3.0,3.0,3.0,2,0,9,2.0
2024-09-12,Ph01_Z01_C01,6.2911E+12,2.0,2.0,8.0,5.0,2.142857142857143,2.7857142857142856,3,0,9,2.0
2024-09-13,Ph01_Z01_C01,6.2911E+12,2.0,2.0,1.0,4.0,2.2857142857142856,2.642857142857143,4,0,9,3.0
2024-09-14,Ph01_Z01_C01,6.2911E+12,3.0,2.0,3.0,1.0,2.2857142857142856,2.7857142857142856,5,1,9,5.0
2024-09-15,Ph01_Z01_C01,6.2911E+12,5.0,3.0,3.0,4.0,2.5714285714285716,2.857142857142857,6,1,9,2.0
2024-09-16,Ph01_Z01_C01,6.2911E+12,2.0,5.0,2.0,3.0,2.5714285714285716,2.7857142857142856,0,0,9,4.0
2024-09-17,Ph01_Z01_C01,6.2911E+12,4.0,2.0,2.0,0.0,2.857142857142857,3.0714285714285716,1,0,9,3.0
2024-09-18,Ph01_Z01_C01,6.2911E+12,3.0,4.0,2.0,4.0,3.0,3.0,2,0,9,3.0
2024-09-19,Ph01_Z01_C01,6.2911E+12,3.0,3.0,2.0,8.0,3.142857142857143,2.642857142857143,3,0,9,4.0
2024-09-20,Ph01_Z01_C01,6.2911E+12,4.0,3.0,2.0,1.0,3.4285714285714284,2.857142857142857,4,0,9,3.0
2024-09-21,Ph01_Z01_C01,6.2911E+12,3.0,4.0,3.0,3.0,3.4285714285714284,2.857142857142857,5,1,9,8.0
2024-09-22,Ph01_Z01_C01,6.2911E+12,8.0,3.0,5.0,3.0,3.857142857142857,3.2142857142857144,6,1,9,5.0
2024-09-23,Ph01_Z01_C01,6.2911E+12,5.0,8.0,2.0,2.0,4.285714285714286,3.4285714285714284,0,0,9,4.0
2024-09-24,Ph01_Z01_C01,6.2911E+12,4.0,5.0,4.0,2.0,4.285714285714286,3.5714285714285716,1,0,9,2.0
2024-09-25,Ph01_Z01_C01,6.2911E+12,2.0,4.0,3.0,2.0,4.142857142857143,3.5714285714285716,2,0,9,2.0
2024-09-26,Ph01_Z01_C01,6.2911E+12,2.0,2.0,3.0,2.0,4.0,3.5714285714285716,3,0,9,2.0
2024-09-27,Ph01_Z01_C01,6.2911E+12,2.0,2.0,4.0,2.0,3.7142857142857144,3.5714285714285716,4,0,9,3.0
2024-09-28,Ph01_Z01_C01,6.2911E+12,3.0,2.0,3.0,3.0,3.7142857142857144,3.5714285714285716,5,1,9,2.0
2024-09-29,Ph01_Z01_C01,6.2911E+12,2.0,3.0,8.0,5.0,2.857142857142857,3.357142857142857,6,1,9,5.0
2024-09-30,Ph01_Z01_C01,6.2911E+12,5.0,2.0,5.0,2.0,2.857142857142857,3.5714285714285716,0,0,9,3.0
2024-10-01,Ph01_Z01_C01,6.2911E+12,3.0,5.0,4.0,4.0,2.7142857142857144,3.5,1,0,10,1.0
2024-10-02,Ph01_Z01_C01,6.2911E+12,1.0,3.0,2.0,3.0,2.5714285714285716,3.357142857142857,2,0,10,0.0
2024-10-03,Ph01_Z01_C01,6.2911E+12,0.0,1.0,2.0,3.0,2.2857142857142856,3.142857142857143,3,0,10,2.0
2024-10-04,Ph01_Z01_C01,6.2911E+12,2.0,0.0,2.0,4.0,2.2857142857142856,3.0,4,0,10,0.0
2024-10-05,Ph01_Z01_C01,6.2911E+12,0.0,2.0,3.0,3.0,1.8571428571428572,2.7857142857142856,5,1,10,5.0
2024-10-06,Ph01_Z01_C01,6.2911E+12,5.0,0.0,2.0,8.0,2.2857142857142856,2.5714285714285716,6,1,10,2.0
2024-10-07,Ph01_Z01_C01,6.2911E+12,2.0,5.0,5.0,5.0,1.8571428571428572,2.357142857142857,0,0,10,1.0
2024-10-08,Ph01_Z01_C01,6.2911E+12,1.0,2.0,3.0,4.0,1.5714285714285714,2.142857142857143,1,0,10,3.0
2024-10-09,Ph01_Z01_C01,6.2911E+12,3.0,1.0,1.0,2.0,1.8571428571428572,2.2142857142857144,2,0,10,3.0
2024-10-10,Ph01_Z01_C01,6.2911E+12,3.0,3.0,0.0,2.0,2.2857142857142856,2.2857142857142856,3,0,10,4.0
2024-10-11,Ph01_Z01_C01,6.2911E+12,4.0,3.0,2.0,2.0,2.5714285714285716,2.4285714285714284,4,0,10,3.0
2024-10-12,Ph01_Z01_C01,6.2911E+12,3.0,4.0,0.0,3.0,3.0,2.4285714285714284,5,1,10,5.0
2024-10-13,Ph01_Z01_C01,6.2911E+12,5.0,3.0,5.0,2.0,3.0,2.642857142857143,6,1,10,1.0
2024-10-14,Ph01_Z01_C01,6.2911E+12,1.0,5.0,2.0,5.0,2.857142857142857,2.357142857142857,0,0,10,5.0
2024-10-15,Ph01_Z01_C01,6.2911E+12,5.0,1.0,1.0,3.0,3.4285714285714284,2.5,1,0,10,5.0
2024-10-16,Ph01_Z01_C01,6.2911E+12,5.0,5.0,3.0,1.0,3.7142857142857144,2.7857142857142856,2,0,10,8.0
2024-10-17,Ph01_Z01_C01,6.2911E+12,8.0,5.0,3.0,0.0,4.428571428571429,3.357142857142857,3,0,10,3.0
2024-10-18,Ph01_Z01_C01,6.2911E+12,3.0,8.0,4.0,2.0,4.285714285714286,3.4285714285714284,4,0,10,1.0
2024-10-19,Ph01_Z01_C01,6.2911E+12,1.0,3.0,3.0,0.0,4.0,3.5,5,1,10,2.0
2024-10-20,Ph01_Z01_C01,6.2911E+12,2.0,1.0,5.0,5.0,3.5714285714285716,3.2857142857142856,6,1,10,8.0
2024-10-21,Ph01_Z01_C01,6.2911E+12,8.0,2.0,1.0,2.0,4.571428571428571,3.7142857142857144,0,0,10,2.0
2024-10-22,Ph01_Z01_C01,6.2911E+12,2.0,8.0,5.0,1.0,4.142857142857143,3.7857142857142856,1,0,10,3.0
2024-10-23,Ph01_Z01_C01,6.2911E+12,3.0,2.0,5.0,3.0,3.857142857142857,3.7857142857142856,2,0,10,6.0
2024-10-24,Ph01_Z01_C01,6.2911E+12,6.0,3.0,8.0,3.0,3.5714285714285716,4.0,3,0,10,2.0
2024-10-25,Ph01_Z01_C01,6.2911E+12,2.0,6.0,3.0,4.0,3.4285714285714284,3.857142857142857,4,0,10,4.0
2024-10-26,Ph01_Z01_C01,6.2911E+12,4.0,2.0,1.0,3.0,3.857142857142857,3.9285714285714284,5,1,10,2.0
2024-10-27,Ph01_Z01_C01,6.2911E+12,2.0,4.0,2.0,5.0,3.857142857142857,3.7142857142857144,6,1,10,5.0
2024-10-28,Ph01_Z01_C01,6.2911E+12,5.0,2.0,8.0,1.0,3.4285714285714284,4.0,0,0,10,3.0
2024-10-29,Ph01_Z01_C01,6.2911E+12,3.0,5.0,2.0,5.0,3.5714285714285716,3.857142857142857,1,0,10,4.0
2024-10-30,Ph01_Z01_C01,6.2911E+12,4.0,3.0,3.0,5.0,3.7142857142857144,3.7857142857142856,2,0,10,3.0
2024-10-31,Ph01_Z01_C01,6.2911E+12,3.0,4.0,6.0,8.0,3.2857142857142856,3.4285714285714284,3,0,10,1.0
2024-01-01,Ph01_Z01_C01,7.64015E+12,1.0,0.0,0.0,0.0,1.0,1.0,0,0,1,0.0
2024-01-02,Ph01_Z01_C01,7.64015E+12,0.0,1.0,0.0,0.0,0.5,0.5,1,0,1,0.0
2024-01-03,Ph01_Z01_C01,7.64015E+12,0.0,0.0,0.0,0.0,0.3333333333333333,0.3333333333333333,2,0,1,1.0
2024-01-04,Ph01_Z01_C01,7.64015E+12,1.0,0.0,0.0,0.0,0.5,0.5,3,0,1,0.0
2024-01-05,Ph01_Z01_C01,7.64015E+12,0.0,1.0,0.0,0.0,0.4,0.4,4,0,1,0.0
2024-01-06,Ph01_Z01_C01,7.64015E+12,0.0,0.0,0.0,0.0,0.3333333333333333,0.3333333333333333,5,1,1,1.0
2024-01-07,Ph01_Z01_C01,7.64015E+12,1.0,0.0,0.0,0.0,0.42857142857142855,0.42857142857142855,6,1,1,0.0
2024-01-08,Ph01_Z01_C01,7.64015E+12,0.0,1.0,1.0,0.0,0.2857142857142857,0.375,0,0,1,1.0
2024-01-09,Ph01_Z01_C01,7.64015E+12,1.0,0.0,0.0,0.0,0.42857142857142855,0.4444444444444444,1,0,1,1.0
2024-01-10,Ph01_Z01_C01,7.64015E+12,1.0,1.0,0.0,0.0,0.5714285714285714,0.5,2,0,1,0.0
2024-01-11,Ph01_Z01_C01,7.64015E+12,0.0,1.0,1.0,0.0,0.42857142857142855,0.45454545454545453,3,0,1,1.0
2024-01-12,Ph01_Z01_C01,7.64015E+12,1.0,0.0,0.0,0.0,0.5714285714285714,0.5,4,0,1,1.0
2024-01-13,Ph01_Z01_C01,7.64015E+12,1.0,1.0,0.0,0.0,0.7142857142857143,0.5384615384615384,5,1,1,0.0
2024-01-14,Ph01_Z01_C01,7.64015E+12,0.0,1.0,1.0,0.0,0.5714285714285714,0.5,6,1,1,2.0
2024-01-15,Ph01_Z01_C01,7.64015E+12,2.0,0.0,0.0,1.0,0.8571428571428571,0.5714285714285714,0,0,1,1.0
2024-01-16,Ph01_Z01_C01,7.64015E+12,1.0,2.0,1.0,0.0,0.8571428571428571,0.6428571428571429,1,0,1,0.0
2024-01-17,Ph01_Z01_C01,7.64015E+12,0.0,1.0,1.0,0.0,0.7142857142857143,0.6428571428571429,2,0,1,2.0
2024-01-18,Ph01_Z01_C01,7.64015E+12,2.0,0.0,0.0,1.0,1.0,0.7142857142857143,3,0,1,5.0
2024-01-19,Ph01_Z01_C01,7.64015E+12,5.0,2.0,1.0,0.0,1.5714285714285714,1.0714285714285714,4,0,1,0.0
2024-01-20,Ph01_Z01_C01,7.64015E+12,0.0,5.0,1.0,0.0,1.4285714285714286,1.0714285714285714,5,1,1,1.0
2024-01-21,Ph01_Z01_C01,7.64015E+12,1.0,0.0,0.0,1.0,1.5714285714285714,1.0714285714285714,6,1,1,1.0
2024-01-22,Ph01_Z01_C01,7.64015E+12,1.0,1.0,2.0,0.0,1.4285714285714286,1.1428571428571428,0,0,1,2.0
2024-01-23,Ph01_Z01_C01,7.64015E+12,2.0,1.0,1.0,1.0,1.5714285714285714,1.2142857142857142,1,0,1,0.0
2024-01-24,Ph01_Z01_C01,7.64015E+12,0.0,2.0,0.0,1.0,1.5714285714285714,1.1428571428571428,2,0,1,1.0
2024-01-25,Ph01_Z01_C01,7.64015E+12,1.0,0.0,2.0,0.0,1.4285714285714286,1.2142857142857142,3,0,1,2.0
2024-01-26,Ph01_Z01_C01,7.64015E+12,2.0,1.0,5.0,1.0,1.0,1.2857142857142858,4,0,1,0.0
2024-01-27,Ph01_Z01_C01,7.64015E+12,0.0,2.0,0.0,1.0,1.0,1.2142857142857142,5,1,1,3.0
2024-01-28,Ph01_Z01_C01,7.64015E+12,3.0,0.0,1.0,0.0,1.2857142857142858,1.4285714285714286,6,1,1,0.0
2024-01-29,Ph01_Z01_C01,7.64015E+12,0.0,3.0,1.0,2.0,1.1428571428571428,1.2857142857142858,0,0,1,0.0
2024-01-30,Ph01_Z01_C01,7.64015E+12,0.0,0.0,2.0,1.0,0.8571428571428571,1.2142857142857142,1,0,1,0.0
2024-01-31,Ph01_Z01_C01,7.64015E+12,0.0,0.0,0.0,0.0,0.8571428571428571,1.2142857142857142,2,0,1,2.0
2024-02-01,Ph01_Z01_C01,7.64015E+12,2.0,0.0,1.0,2.0,1.0,1.2142857142857142,3,0,2,1.0
2024-02-02,Ph01_Z01_C01,7.64015E+12,1.0,2.0,2.0,5.0,0.8571428571428571,0.9285714285714286,4,0,2,3.0
2024-02-03,Ph01_Z01_C01,7.64015E+12,3.0,1.0,0.0,0.0,1.2857142857142858,1.1428571428571428,5,1,2,0.0
2024-02-04,Ph01_Z01_C01,7.64015E+12,0.0,3.0,3.0,1.0,0.8571428571428571,1.0714285714285714,6,1,2,1.0
2024-02-05,Ph01_Z01_C01,7.64015E+12,1.0,0.0,0.0,1.0,1.0,1.0714285714285714,0,0,2,4.0
2024-02-06,Ph01_Z01_C01,7.64015E+12,4.0,1.0,0.0,2.0,1.5714285714285714,1.2142857142857142,1,0,2,0.0
2024-02-07,Ph01_Z01_C01,7.64015E+12,0.0,4.0,0.0,0.0,1.5714285714285714,1.2142857142857142,2,0,2,0.0
2024-02-08,Ph01_Z01_C01,7.64015E+12,0.0,0.0,2.0,1.0,1.2857142857142858,1.1428571428571428,3,0,2,2.0
2024-02-09,Ph01_Z01_C01,7.64015E+12,2.0,0.0,1.0,2.0,1.4285714285714286,1.1428571428571428,4,0,2,0.0
2024-02-10,Ph01_Z01_C01,7.64015E+12,0.0,2.0,3.0,0.0,1.0,1.1428571428571428,5,1,2,0.0
2024-02-11,Ph01_Z01_C01,7.64015E+12,0.0,0.0,0.0,3.0,1.0,0.9285714285714286,6,1,2,1.0
2024-02-12,Ph01_Z01_C01,7.64015E+12,1.0,0.0,1.0,0.0,1.0,1.0,0,0,2,0.0
2024-02-13,Ph01_Z01_C01,7.64015E+12,0.0,1.0,4.0,0.0,0.42857142857142855,1.0,1,0,2,0.0
2024-02-14,Ph01_Z01_C01,7.64015E+12,0.0,0.0,0.0,0.0,0.42857142857142855,1.0,2,0,2,1.0
2024-02-15,Ph01_Z01_C01,7.64015E+12,1.0,0.0,0.0,2.0,0.5714285714285714,0.9285714285714286,3,0,2,3.0
2024-02-16,Ph01_Z01_C01,7.64015E+12,3.0,1.0,2.0,1.0,0.7142857142857143,1.0714285714285714,4,0,2,0.0
2024-02-17,Ph01_Z01_C01,7.64015E+12,0.0,3.0,0.0,3.0,0.7142857142857143,0.8571428571428571,5,1,2,1.0
2024-02-18,Ph01_Z01_C01,7.64015E+12,1.0,0.0,0.0,0.0,0.8571428571428571,0.9285714285714286,6,1,2,0.0
2024-02-19,Ph01_Z01_C01,7.64015E+12,0.0,1.0,1.0,1.0,0.7142857142857143,0.8571428571428571,0,0,2,1.0
2024-02-20,Ph01_Z01_C01,7.64015E+12,1.0,0.0,0.0,4.0,0.8571428571428571,0.6428571428571429,1,0,2,1.0
2024-02-21,Ph01_Z01_C01,7.64015E+12,1.0,1.0,0.0,0.0,1.0,0.7142857142857143,2,0,2,0.0
2024-02-22,Ph01_Z01_C01,7.64015E+12,0.0,1.0,1.0,0.0,0.8571428571428571,0.7142857142857143,3,0,2,0.0
2024-02-23,Ph01_Z01_C01,7.64015E+12,0.0,0.0,3.0,2.0,0.42857142857142855,0.5714285714285714,4,0,2,1.0
2024-02-24,Ph01_Z01_C01,7.64015E+12,1.0,0.0,0.0,0.0,0.5714285714285714,0.6428571428571429,5,1,2,1.0
2024-02-25,Ph01_Z01_C01,7.64015E+12,1.0,1.0,1.0,0.0,0.5714285714285714,0.7142857142857143,6,1,2,7.0
2024-02-26,Ph01_Z01_C01,7.64015E+12,7.0,1.0,0.0,1.0,1.5714285714285714,1.1428571428571428,0,0,2,0.0
2024-02-27,Ph01_Z01_C01,7.64015E+12,0.0,7.0,1.0,0.0,1.4285714285714286,1.1428571428571428,1,0,2,0.0
2024-02-28,Ph01_Z01_C01,7.64015E+12,0.0,0.0,1.0,0.0,1.2857142857142858,1.1428571428571428,2,0,2,4.0
2024-02-29,Ph01_Z01_C01,7.64015E+12,4.0,0.0,0.0,1.0,1.8571428571428572,1.3571428571428572,3,0,2,0.0
2024-03-01,Ph01_Z01_C01,7.64015E+12,0.0,4.0,0.0,3.0,1.8571428571428572,1.1428571428571428,4,0,3,2.0
2024-03-02,Ph01_Z01_C01,7.64015E+12,2.0,0.0,1.0,0.0,2.0,1.2857142857142858,5,1,3,0.0
2024-03-03,Ph01_Z01_C01,7.64015E+12,0.0,2.0,1.0,1.0,1.8571428571428572,1.2142857142857142,6,1,3,0.0
2024-03-04,Ph01_Z01_C01,7.64015E+12,0.0,0.0,7.0,0.0,0.8571428571428571,1.2142857142857142,0,0,3,0.0
2024-03-05,Ph01_Z01_C01,7.64015E+12,0.0,0.0,0.0,1.0,0.8571428571428571,1.1428571428571428,1,0,3,4.0
2024-03-06,Ph01_Z01_C01,7.64015E+12,4.0,0.0,0.0,1.0,1.4285714285714286,1.3571428571428572,2,0,3,1.0
2024-03-07,Ph01_Z01_C01,7.64015E+12,1.0,4.0,4.0,0.0,1.0,1.4285714285714286,3,0,3,4.0
2024-03-08,Ph01_Z01_C01,7.64015E+12,4.0,1.0,0.0,0.0,1.5714285714285714,1.7142857142857142,4,0,3,0.0
2024-03-09,Ph01_Z01_C01,7.64015E+12,0.0,4.0,2.0,1.0,1.2857142857142858,1.6428571428571428,5,1,3,2.0
2024-03-10,Ph01_Z01_C01,7.64015E+12,2.0,0.0,0.0,1.0,1.5714285714285714,1.7142857142857142,6,1,3,1.0
2024-03-11,Ph01_Z01_C01,7.64015E+12,1.0,2.0,0.0,7.0,1.7142857142857142,1.2857142857142858,0,0,3,0.0
2024-03-12,Ph01_Z01_C01,7.64015E+12,0.0,1.0,0.0,0.0,1.7142857142857142,1.2857142857142858,1,0,3,2.0
2024-03-13,Ph01_Z01_C01,7.64015E+12,2.0,0.0,4.0,0.0,1.4285714285714286,1.4285714285714286,2,0,3,0.0
2024-03-14,Ph01_Z01_C01,7.64015E+12,0.0,2.0,1.0,4.0,1.2857142857142858,1.1428571428571428,3,0,3,4.0
2024-03-15,Ph01_Z01_C01,7.64015E+12,4.0,0.0,4.0,0.0,1.2857142857142858,1.4285714285714286,4,0,3,0.0
2024-03-16,Ph01_Z01_C01,7.64015E+12,0.0,4.0,0.0,2.0,1.2857142857142858,1.2857142857142858,5,1,3,1.0
2024-03-17,Ph01_Z01_C01,7.64015E+12,1.0,0.0,2.0,0.0,1.1428571428571428,1.3571428571428572,6,1,3,0.0
2024-03-18,Ph01_Z01_C01,7.64015E+12,0.0,1.0,1.0,0.0,1.0,1.3571428571428572,0,0,3,0.0
2024-03-19,Ph01_Z01_C01,7.64015E+12,0.0,0.0,0.0,0.0,1.0,1.3571428571428572,1,0,3,0.0
2024-03-20,Ph01_Z01_C01,7.64015E+12,0.0,0.0,2.0,4.0,0.7142857142857143,1.0714285714285714,2,0,3,2.0
2024-03-21,Ph01_Z01_C01,7.64015E+12,2.0,0.0,0.0,1.0,1.0,1.1428571428571428,3,0,3,2.0
2024-03-22,Ph01_Z01_C01,7.64015E+12,2.0,2.0,4.0,4.0,0.7142857142857143,1.0,4,0,3,3.0
2024-03-23,Ph01_Z01_C01,7.64015E+12,3.0,2.0,0.0,0.0,1.1428571428571428,1.2142857142857142,5,1,3,3.0
2024-03-24,Ph01_Z01_C01,7.64015E+12,3.0,3.0,1.0,2.0,1.4285714285714286,1.2857142857142858,6,1,3,7.0
2024-03-25,Ph01_Z01_C01,7.64015E+12,7.0,3.0,0.0,1.0,2.4285714285714284,1.7142857142857142,0,0,3,1.0
2024-03-26,Ph01_Z01_C01,7.64015E+12,1.0,7.0,0.0,0.0,2.5714285714285716,1.7857142857142858,1,0,3,2.0
2024-03-27,Ph01_Z01_C01,7.64015E+12,2.0,1.0,0.0,2.0,2.857142857142857,1.7857142857142858,2,0,3,2.0
2024-03-28,Ph01_Z01_C01,7.64015E+12,2.0,2.0,2.0,0.0,2.857142857142857,1.9285714285714286,3,0,3,2.0
2024-03-29,Ph01_Z01_C01,7.64015E+12,2.0,2.0,2.0,4.0,2.857142857142857,1.7857142857142858,4,0,3,0.0
2024-03-30,Ph01_Z01_C01,7.64015E+12,0.0,2.0,3.0,0.0,2.4285714285714284,1.7857142857142858,5,1,3,0.0
2024-03-31,Ph01_Z01_C01,7.64015E+12,0.0,0.0,3.0,1.0,2.0,1.7142857142857142,6,1,3,0.0
2024-04-01,Ph01_Z01_C01,7.64015E+12,0.0,0.0,7.0,0.0,1.0,1.7142857142857142,0,0,4,1.0
2024-04-02,Ph01_Z01_C01,7.64015E+12,1.0,0.0,1.0,0.0,1.0,1.7857142857142858,1,0,4,0.0
2024-04-03,Ph01_Z01_C01,7.64015E+12,0.0,1.0,2.0,0.0,0.7142857142857143,1.7857142857142858,2,0,4,0.0
2024-04-04,Ph01_Z01_C01,7.64015E+12,0.0,0.0,2.0,2.0,0.42857142857142855,1.6428571428571428,3,0,4,0.0
2024-04-05,Ph01_Z01_C01,7.64015E+12,0.0,0.0,2.0,2.0,0.14285714285714285,1.5,4,0,4,2.0
2024-04-06,Ph01_Z01_C01,7.64015E+12,2.0,0.0,0.0,3.0,0.42857142857142855,1.4285714285714286,5,1,4,0.0
2024-04-07,Ph01_Z01_C01,7.64015E+12,0.0,2.0,0.0,3.0,0.42857142857142855,1.2142857142857142,6,1,4,1.0
2024-04-08,Ph01_Z01_C01,7.64015E+12,1.0,0.0,0.0,7.0,0.5714285714285714,0.7857142857142857,0,0,4,2.0
2024-04-09,Ph01_Z01_C01,7.64015E+12,2.0,1.0,1.0,1.0,0.7142857142857143,0.8571428571428571,1,0,4,1.0
2024-04-10,Ph01_Z01_C01,7.64015E+12,1.0,2.0,0.0,2.0,0.8571428571428571,0.7857142857142857,2,0,4,2.0
2024-04-11,Ph01_Z01_C01,7.64015E+12,2.0,1.0,0.0,2.0,1.1428571428571428,0.7857142857142857,3,0,4,2.0
2024-04-12,Ph01_Z01_C01,7.64015E+12,2.0,2.0,0.0,2.0,1.4285714285714286,0.7857142857142857,4,0,4,2.0
2024-04-13,Ph01_Z01_C01,7.64015E+12,2.0,2.0,2.0,0.0,1.4285714285714286,0.9285714285714286,5,1,4,0.0
2024-04-14,Ph01_Z01_C01,7.64015E+12,0.0,2.0,0.0,0.0,1.4285714285714286,0.9285714285714286,6,1,4,1.0
2024-04-15,Ph01_Z01_C01,7.64015E+12,1.0,0.0,1.0,0.0,1.4285714285714286,1.0,0,0,4,0.0
2024-04-16,Ph01_Z01_C01,7.64015E+12,0.0,1.0,2.0,1.0,1.1428571428571428,0.9285714285714286,1,0,4,2.0
2024-04-17,Ph01_Z01_C01,7.64015E+12,2.0,0.0,1.0,0.0,1.2857142857142858,1.0714285714285714,2,0,4,1.0
2024-04-18,Ph01_Z01_C01,7.64015E+12,1.0,2.0,2.0,0.0,1.1428571428571428,1.1428571428571428,3,0,4,1.0
2024-04-19,Ph01_Z01_C01,7.64015E+12,1.0,1.0,2.0,0.0,1.0,1.2142857142857142,4,0,4,2.0
2024-04-20,Ph01_Z01_C01,7.64015E+12,2.0,1.0,2.0,2.0,1.0,1.2142857142857142,5,1,4,2.0
2024-04-21,Ph01_Z01_C01,7.64015E+12,2.0,2.0,0.0,0.0,1.2857142857142858,1.3571428571428572,6,1,4,0.0
2024-04-22,Ph01_Z01_C01,7.64015E+12,0.0,2.0,1.0,1.0,1.1428571428571428,1.2857142857142858,0,0,4,0.0
2024-04-23,Ph01_Z01_C01,7.64015E+12,0.0,0.0,0.0,2.0,1.1428571428571428,1.1428571428571428,1,0,4,0.0
2024-04-24,Ph01_Z01_C01,7.64015E+12,0.0,0.0,2.0,1.0,0.8571428571428571,1.0714285714285714,2,0,4,4.0
2024-04-25,Ph01_Z01_C01,7.64015E+12,4.0,0.0,1.0,2.0,1.2857142857142858,1.2142857142857142,3,0,4,3.0
2024-04-26,Ph01_Z01_C01,7.64015E+12,3.0,4.0,1.0,2.0,1.5714285714285714,1.2857142857142858,4,0,4,2.0
2024-04-27,Ph01_Z01_C01,7.64015E+12,2.0,3.0,2.0,2.0,1.5714285714285714,1.2857142857142858,5,1,4,0.0
2024-04-28,Ph01_Z01_C01,7.64015E+12,0.0,2.0,2.0,0.0,1.2857142857142858,1.2857142857142858,6,1,4,2.0
2024-04-29,Ph01_Z01_C01,7.64015E+12,2.0,0.0,0.0,1.0,1.5714285714285714,1.3571428571428572,0,0,4,2.0
2024-04-30,Ph01_Z01_C01,7.64015E+12,2.0,2.0,0.0,0.0,1.8571428571428572,1.5,1,0,4,0.0
2024-05-01,Ph01_Z01_C01,7.64015E+12,0.0,2.0,0.0,2.0,1.8571428571428572,1.3571428571428572,2,0,5,0.0
2024-05-02,Ph01_Z01_C01,7.64015E+12,0.0,0.0,4.0,1.0,1.2857142857142858,1.2857142857142858,3,0,5,1.0
2024-05-03,Ph01_Z01_C01,7.64015E+12,1.0,0.0,3.0,1.0,1.0,1.2857142857142858,4,0,5,2.0
2024-05-04,Ph01_Z01_C01,7.64015E+12,2.0,1.0,2.0,2.0,1.0,1.2857142857142858,5,1,5,1.0
2024-05-05,Ph01_Z01_C01,7.64015E+12,1.0,2.0,0.0,2.0,1.1428571428571428,1.2142857142857142,6,1,5,1.0
2024-05-06,Ph01_Z01_C01,7.64015E+12,1.0,1.0,2.0,0.0,1.0,1.2857142857142858,0,0,5,1.0
2024-05-07,Ph01_Z01_C01,7.64015E+12,1.0,1.0,2.0,0.0,0.8571428571428571,1.3571428571428572,1,0,5,0.0
2024-05-08,Ph01_Z01_C01,7.64015E+12,0.0,1.0,0.0,0.0,0.8571428571428571,1.3571428571428572,2,0,5,2.0
2024-05-09,Ph01_Z01_C01,7.64015E+12,2.0,0.0,0.0,4.0,1.1428571428571428,1.2142857142857142,3,0,5,1.0
2024-05-10,Ph01_Z01_C01,7.64015E+12,1.0,2.0,1.0,3.0,1.1428571428571428,1.0714285714285714,4,0,5,1.0
2024-05-11,Ph01_Z01_C01,7.64015E+12,1.0,1.0,2.0,2.0,1.0,1.0,5,1,5,3.0
2024-05-12,Ph01_Z01_C01,7.64015E+12,3.0,1.0,1.0,0.0,1.2857142857142858,1.2142857142857142,6,1,5,1.0
2024-05-13,Ph01_Z01_C01,7.64015E+12,1.0,3.0,1.0,2.0,1.2857142857142858,1.1428571428571428,0,0,5,0.0
2024-05-14,Ph01_Z01_C01,7.64015E+12,0.0,1.0,1.0,2.0,1.1428571428571428,1.0,1,0,5,0.0
2024-05-15,Ph01_Z01_C01,7.64015E+12,0.0,0.0,0.0,0.0,1.1428571428571428,1.0,2,0,5,2.0
2024-05-16,Ph01_Z01_C01,7.64015E+12,2.0,0.0,2.0,0.0,1.1428571428571428,1.1428571428571428,3,0,5,6.0
2024-05-17,Ph01_Z01_C01,7.64015E+12,6.0,2.0,1.0,1.0,1.8571428571428572,1.5,4,0,5,1.0
2024-05-18,Ph01_Z01_C01,7.64015E+12,1.0,6.0,1.0,2.0,1.8571428571428572,1.4285714285714286,5,1,5,0.0
2024-05-19,Ph01_Z01_C01,7.64015E+12,0.0,1.0,3.0,1.0,1.4285714285714286,1.3571428571428572,6,1,5,1.0
2024-05-20,Ph01_Z01_C01,7.64015E+12,1.0,0.0,1.0,1.0,1.4285714285714286,1.3571428571428572,0,0,5,1.0
2024-05-21,Ph01_Z01_C01,7.64015E+12,1.0,1.0,0.0,1.0,1.5714285714285714,1.3571428571428572,1,0,5,2.0
2024-05-22,Ph01_Z01_C01,7.64015E+12,2.0,1.0,0.0,0.0,1.8571428571428572,1.5,2,0,5,1.0
2024-05-23,Ph01_Z01_C01,7.64015E+12,1.0,2.0,2.0,2.0,1.7142857142857142,1.4285714285714286,3,0,5,1.0
2024-05-24,Ph01_Z01_C01,7.64015E+12,1.0,1.0,6.0,1.0,1.0,1.4285714285714286,4,0,5,1.0
2024-05-25,Ph01_Z01_C01,7.64015E+12,1.0,1.0,1.0,1.0,1.0,1.4285714285714286,5,1,5,0.0
2024-05-26,Ph01_Z01_C01,7.64015E+12,0.0,1.0,0.0,3.0,1.0,1.2142857142857142,6,1,5,1.0
2024-05-27,Ph01_Z01_C01,7.64015E+12,1.0,0.0,1.0,1.0,1.0,1.2142857142857142,0,0,5,1.0
2024-05-28,Ph01_Z01_C01,7.64015E+12,1.0,1.0,1.0,0.0,1.0,1.2857142857142858,1,0,5,1.0
2024-05-29,Ph01_Z01_C01,7.64015E+12,1.0,1.0,2.0,0.0,0.8571428571428571,1.3571428571428572,2,0,5,2.0
2024-05-30,Ph01_Z01_C01,7.64015E+12,2.0,1.0,1.0,2.0,1.0,1.3571428571428572,3,0,5,1.0
2024-05-31,Ph01_Z01_C01,7.64015E+12,1.0,2.0,1.0,6.0,1.0,1.0,4,0,5,3.0
2024-06-01,Ph01_Z01_C01,7.64015E+12,3.0,1.0,1.0,1.0,1.2857142857142858,1.1428571428571428,5,1,6,2.0
2024-06-02,Ph01_Z01_C01,7.64015E+12,2.0,3.0,0.0,0.0,1.5714285714285714,1.2857142857142858,6,1,6,1.0
2024-06-03,Ph01_Z01_C01,7.64015E+12,1.0,2.0,1.0,1.0,1.5714285714285714,1.2857142857142858,0,0,6,0.0
2024-06-04,Ph01_Z01_C01,7.64015E+12,0.0,1.0,1.0,1.0,1.4285714285714286,1.2142857142857142,1,0,6,1.0
2024-06-05,Ph01_Z01_C01,7.64015E+12,1.0,0.0,1.0,2.0,1.4285714285714286,1.1428571428571428,2,0,6,1.0
2024-06-06,Ph01_Z01_C01,7.64015E+12,1.0,1.0,2.0,1.0,1.2857142857142858,1.1428571428571428,3,0,6,1.0
2024-06-07,Ph01_Z01_C01,7.64015E+12,1.0,1.0,1.0,1.0,1.2857142857142858,1.1428571428571428,4,0,6,0.0
2024-06-08,Ph01_Z01_C01,7.64015E+12,0.0,1.0,3.0,1.0,0.8571428571428571,1.0714285714285714,5,1,6,0.0
2024-06-09,Ph01_Z01_C01,7.64015E+12,0.0,0.0,2.0,0.0,0.5714285714285714,1.0714285714285714,6,1,6,1.0
2024-06-10,Ph01_Z01_C01,7.64015E+12,1.0,0.0,1.0,1.0,0.5714285714285714,1.0714285714285714,0,0,6,2.0
2024-06-11,Ph01_Z01_C01,7.64015E+12,2.0,1.0,0.0,1.0,0.8571428571428571,1.1428571428571428,1,0,6,0.0
2024-06-12,Ph01_Z01_C01,7.64015E+12,0.0,2.0,1.0,1.0,0.7142857142857143,1.0714285714285714,2,0,6,0.0
2024-06-13,Ph01_Z01_C01,7.64015E+12,0.0,0.0,1.0,2.0,0.5714285714285714,0.9285714285714286,3,0,6,0.0
2024-06-14,Ph01_Z01_C01,7.64015E+12,0.0,0.0,1.0,1.0,0.42857142857142855,0.8571428571428571,4,0,6,0.0
2024-06-15,Ph01_Z01_C01,7.64015E+12,0.0,0.0,0.0,3.0,0.42857142857142855,0.6428571428571429,5,1,6,1.0
2024-06-16,Ph01_Z01_C01,7.64015E+12,1.0,0.0,0.0,2.0,0.5714285714285714,0.5714285714285714,6,1,6,3.0
2024-06-17,Ph01_Z01_C01,7.64015E+12,3.0,1.0,1.0,1.0,0.8571428571428571,0.7142857142857143,0,0,6,0.0
2024-06-18,Ph01_Z01_C01,7.64015E+12,0.0,3.0,2.0,0.0,0.5714285714285714,0.7142857142857143,1,0,6,2.0
2024-06-19,Ph01_Z01_C01,7.64015E+12,2.0,0.0,0.0,1.0,0.8571428571428571,0.7857142857142857,2,0,6,2.0
2024-06-20,Ph01_Z01_C01,7.64015E+12,2.0,2.0,0.0,1.0,1.1428571428571428,0.8571428571428571,3,0,6,9.0
2024-06-21,Ph01_Z01_C01,7.64015E+12,9.0,2.0,0.0,1.0,2.4285714285714284,1.4285714285714286,4,0,6,0.0
2024-06-22,Ph01_Z01_C01,7.64015E+12,0.0,9.0,0.0,0.0,2.4285714285714284,1.4285714285714286,5,1,6,0.0
2024-06-23,Ph01_Z01_C01,7.64015E+12,0.0,0.0,1.0,0.0,2.2857142857142856,1.4285714285714286,6,1,6,1.0
2024-06-24,Ph01_Z01_C01,7.64015E+12,1.0,0.0,3.0,1.0,2.0,1.4285714285714286,0,0,6,1.0
2024-06-25,Ph01_Z01_C01,7.64015E+12,1.0,1.0,0.0,2.0,2.142857142857143,1.3571428571428572,1,0,6,1.0
2024-06-26,Ph01_Z01_C01,7.64015E+12,1.0,1.0,2.0,0.0,2.0,1.4285714285714286,2,0,6,1.0
2024-06-27,Ph01_Z01_C01,7.64015E+12,1.0,1.0,2.0,0.0,1.8571428571428572,1.5,3,0,6,1.0
2024-06-28,Ph01_Z01_C01,7.64015E+12,1.0,1.0,9.0,0.0,0.7142857142857143,1.5714285714285714,4,0,6,8.0
2024-06-29,Ph01_Z01_C01,7.64015E+12,8.0,1.0,0.0,0.0,1.8571428571428572,2.142857142857143,5,1,6,2.0
2024-06-30,Ph01_Z01_C01,7.64015E+12,2.0,8.0,0.0,1.0,2.142857142857143,2.2142857142857144,6,1,6,3.0
2024-07-01,Ph01_Z01_C01,7.64015E+12,3.0,2.0,1.0,3.0,2.4285714285714284,2.2142857142857144,0,0,7,4.0
2024-07-02,Ph01_Z01_C01,7.64015E+12,4.0,3.0,1.0,0.0,2.857142857142857,2.5,1,0,7,1.0
2024-07-03,Ph01_Z01_C01,7.64015E+12,1.0,4.0,1.0,2.0,2.857142857142857,2.4285714285714284,2,0,7,1.0
2024-07-04,Ph01_Z01_C01,7.64015E+12,1.0,1.0,1.0,2.0,2.857142857142857,2.357142857142857,3,0,7,2.0
2024-07-05,Ph01_Z01_C01,7.64015E+12,2.0,1.0,1.0,9.0,3.0,1.8571428571428572,4,0,7,4.0
2024-07-06,Ph01_Z01_C01,7.64015E+12,4.0,2.0,8.0,0.0,2.4285714285714284,2.142857142857143,5,1,7,3.0
2024-07-07,Ph01_Z01_C01,7.64015E+12,3.0,4.0,2.0,0.0,2.5714285714285716,2.357142857142857,6,1,7,1.0
2024-07-08,Ph01_Z01_C01,7.64015E+12,1.0,3.0,3.0,1.0,2.2857142857142856,2.357142857142857,0,0,7,0.0
2024-07-09,Ph01_Z01_C01,7.64015E+12,0.0,1.0,4.0,1.0,1.7142857142857142,2.2857142857142856,1,0,7,1.0
2024-07-10,Ph01_Z01_C01,7.64015E+12,1.0,0.0,1.0,1.0,1.7142857142857142,2.2857142857142856,2,0,7,1.0
2024-07-11,Ph01_Z01_C01,7.64015E+12,1.0,1.0,1.0,1.0,1.7142857142857142,2.2857142857142856,3,0,7,3.0
2024-07-12,Ph01_Z01_C01,7.64015E+12,3.0,1.0,2.0,1.0,1.8571428571428572,2.4285714285714284,4,0,7,1.0
2024-07-13,Ph01_Z01_C01,7.64015E+12,1.0,3.0,4.0,8.0,1.4285714285714286,1.9285714285714286,5,1,7,2.0
2024-07-14,Ph01_Z01_C01,7.64015E+12,2.0,1.0,3.0,2.0,1.2857142857142858,1.9285714285714286,6,1,7,2.0
2024-07-15,Ph01_Z01_C01,7.64015E+12,2.0,2.0,1.0,3.0,1.4285714285714286,1.8571428571428572,0,0,7,0.0
2024-07-16,Ph01_Z01_C01,7.64015E+12,0.0,2.0,0.0,4.0,1.4285714285714286,1.5714285714285714,1,0,7,0.0
2024-07-17,Ph01_Z01_C01,7.64015E+12,0.0,0.0,1.0,1.0,1.2857142857142858,1.5,2,0,7,2.0
2024-07-18,Ph01_Z01_C01,7.64015E+12,2.0,0.0,1.0,1.0,1.4285714285714286,1.5714285714285714,3,0,7,4.0
2024-07-19,Ph01_Z01_C01,7.64015E+12,4.0,2.0,3.0,2.0,1.5714285714285714,1.7142857142857142,4,0,7,1.0
2024-07-20,Ph01_Z01_C01,7.64015E+12,1.0,4.0,1.0,4.0,1.5714285714285714,1.5,5,1,7,1.0
2024-07-21,Ph01_Z01_C01,7.64015E+12,1.0,1.0,2.0,3.0,1.4285714285714286,1.3571428571428572,6,1,7,1.0
2024-07-22,Ph01_Z01_C01,7.64015E+12,1.0,1.0,2.0,1.0,1.2857142857142858,1.3571428571428572,0,0,7,1.0
2024-07-23,Ph01_Z01_C01,7.64015E+12,1.0,1.0,0.0,0.0,1.4285714285714286,1.4285714285714286,1,0,7,13.0
2024-07-24,Ph01_Z01_C01,7.64015E+12,13.0,1.0,0.0,1.0,3.2857142857142856,2.2857142857142856,2,0,7,1.0
2024-07-25,Ph01_Z01_C01,7.64015E+12,1.0,13.0,2.0,1.0,3.142857142857143,2.2857142857142856,3,0,7,5.0
2024-07-26,Ph01_Z01_C01,7.64015E+12,5.0,1.0,4.0,3.0,3.2857142857142856,2.4285714285714284,4,0,7,3.0
2024-07-27,Ph01_Z01_C01,7.64015E+12,3.0,5.0,1.0,1.0,3.5714285714285716,2.5714285714285716,5,1,7,0.0
2024-07-28,Ph01_Z01_C01,7.64015E+12,0.0,3.0,1.0,2.0,3.4285714285714284,2.4285714285714284,6,1,7,0.0
2024-07-29,Ph01_Z01_C01,7.64015E+12,0.0,0.0,1.0,2.0,3.2857142857142856,2.2857142857142856,0,0,7,1.0
2024-07-30,Ph01_Z01_C01,7.64015E+12,1.0,0.0,1.0,0.0,3.2857142857142856,2.357142857142857,1,0,7,1.0
2024-07-31,Ph01_Z01_C01,7.64015E+12,1.0,1.0,13.0,0.0,1.5714285714285714,2.4285714285714284,2,0,7,2.0
2024-08-01,Ph01_Z01_C01,7.64015E+12,2.0,1.0,1.0,2.0,1.7142857142857142,2.4285714285714284,3,0,8,0.0
2024-08-02,Ph01_Z01_C01,7.64015E+12,0.0,2.0,5.0,4.0,1.0,2.142857142857143,4,0,8,1.0
2024-08-03,Ph01_Z01_C01,7.64015E+12,1.0,0.0,3.0,1.0,0.7142857142857143,2.142857142857143,5,1,8,5.0
2024-08-04,Ph01_Z01_C01,7.64015E+12,5.0,1.0,0.0,1.0,1.4285714285714286,2.4285714285714284,6,1,8,0.0
2024-08-05,Ph01_Z01_C01,7.64015E+12,0.0,5.0,0.0,1.0,1.4285714285714286,2.357142857142857,0,0,8,1.0
2024-08-06,Ph01_Z01_C01,7.64015E+12,1.0,0.0,1.0,1.0,1.4285714285714286,2.357142857142857,1,0,8,2.0
2024-08-07,Ph01_Z01_C01,7.64015E+12,2.0,1.0,1.0,13.0,1.5714285714285714,1.5714285714285714,2,0,8,4.0
2024-08-08,Ph01_Z01_C01,7.64015E+12,4.0,2.0,2.0,1.0,1.8571428571428572,1.7857142857142858,3,0,8,1.0
2024-08-09,Ph01_Z01_C01,7.64015E+12,1.0,4.0,0.0,5.0,2.0,1.5,4,0,8,1.0
2024-08-10,Ph01_Z01_C01,7.64015E+12,1.0,1.0,1.0,3.0,2.0,1.3571428571428572,5,1,8,0.0
2024-08-11,Ph01_Z01_C01,7.64015E+12,0.0,1.0,5.0,0.0,1.2857142857142858,1.3571428571428572,6,1,8,0.0
2024-08-12,Ph01_Z01_C01,7.64015E+12,0.0,0.0,0.0,0.0,1.2857142857142858,1.3571428571428572,0,0,8,1.0
2024-08-13,Ph01_Z01_C01,7.64015E+12,1.0,0.0,1.0,1.0,1.2857142857142858,1.3571428571428572,1,0,8,11.0
2024-08-14,Ph01_Z01_C01,7.64015E+12,11.0,1.0,2.0,1.0,2.5714285714285716,2.0714285714285716,2,0,8,0.0
2024-08-15,Ph01_Z01_C01,7.64015E+12,0.0,11.0,4.0,2.0,2.0,1.9285714285714286,3,0,8,0.0
2024-08-16,Ph01_Z01_C01,7.64015E+12,0.0,0.0,1.0,0.0,1.8571428571428572,1.9285714285714286,4,0,8,0.0
2024-08-17,Ph01_Z01_C01,7.64015E+12,0.0,0.0,1.0,1.0,1.7142857142857142,1.8571428571428572,5,1,8,2.0
2024-08-18,Ph01_Z01_C01,7.64015E+12,2.0,0.0,0.0,5.0,2.0,1.6428571428571428,6,1,8,1.0
2024-08-19,Ph01_Z01_C01,7.64015E+12,1.0,2.0,0.0,0.0,2.142857142857143,1.7142857142857142,0,0,8,2.0
2024-08-20,Ph01_Z01_C01,7.64015E+12,2.0,1.0,1.0,1.0,2.2857142857142856,1.7857142857142858,1,0,8,0.0
2024-08-21,Ph01_Z01_C01,7.64015E+12,0.0,2.0,11.0,2.0,0.7142857142857143,1.6428571428571428,2,0,8,1.0
2024-08-22,Ph01_Z01_C01,7.64015E+12,1.0,0.0,0.0,4.0,0.8571428571428571,1.4285714285714286,3,0,8,1.0
2024-08-23,Ph01_Z01_C01,7.64015E+12,1.0,1.0,0.0,1.0,1.0,1.4285714285714286,4,0,8,4.0
2024-08-24,Ph01_Z01_C01,7.64015E+12,4.0,1.0,0.0,1.0,1.5714285714285714,1.6428571428571428,5,1,8,0.0
2024-08-25,Ph01_Z01_C01,7.64015E+12,0.0,4.0,2.0,0.0,1.2857142857142858,1.6428571428571428,6,1,8,2.0
2024-08-26,Ph01_Z01_C01,7.64015E+12,2.0,0.0,1.0,0.0,1.4285714285714286,1.7857142857142858,0,0,8,4.0
2024-08-27,Ph01_Z01_C01,7.64015E+12,4.0,2.0,2.0,1.0,1.7142857142857142,2.0,1,0,8,2.0
2024-08-28,Ph01_Z01_C01,7.64015E+12,2.0,4.0,0.0,11.0,2.0,1.3571428571428572,2,0,8,2.0
2024-08-29,Ph01_Z01_C01,7.64015E+12,2.0,2.0,1.0,0.0,2.142857142857143,1.5,3,0,8,5.0
2024-08-30,Ph01_Z01_C01,7.64015E+12,5.0,2.0,1.0,0.0,2.7142857142857144,1.8571428571428572,4,0,8,0.0
2024-08-31,Ph01_Z01_C01,7.64015E+12,0.0,5.0,4.0,0.0,2.142857142857143,1.8571428571428572,5,1,8,3.0
2024-09-01,Ph01_Z01_C01,7.64015E+12,3.0,0.0,0.0,2.0,2.5714285714285716,1.9285714285714286,6,1,9,1.0
2024-09-02,Ph01_Z01_C01,7.64015E+12,1.0,3.0,2.0,1.0,2.4285714285714284,1.9285714285714286,0,0,9,1.0
2024-09-03,Ph01_Z01_C01,7.64015E+12,1.0,1.0,4.0,2.0,2.0,1.8571428571428572,1,0,9,4.0
2024-09-04,Ph01_Z01_C01,7.64015E+12,4.0,1.0,2.0,0.0,2.2857142857142856,2.142857142857143,2,0,9,2.0
2024-09-05,Ph01_Z01_C01,7.64015E+12,2.0,4.0,2.0,1.0,2.2857142857142856,2.2142857142857144,3,0,9,2.0
2024-09-06,Ph01_Z01_C01,7.64015E+12,2.0,2.0,5.0,1.0,1.8571428571428572,2.2857142857142856,4,0,9,1.0
2024-09-07,Ph01_Z01_C01,7.64015E+12,1.0,2.0,0.0,4.0,2.0,2.0714285714285716,5,1,9,1.0
2024-09-08,Ph01_Z01_C01,7.64015E+12,1.0,1.0,3.0,0.0,1.7142857142857142,2.142857142857143,6,1,9,2.0
2024-09-09,Ph01_Z01_C01,7.64015E+12,2.0,1.0,1.0,2.0,1.8571428571428572,2.142857142857143,0,0,9,2.0
2024-09-10,Ph01_Z01_C01,7.64015E+12,2.0,2.0,1.0,4.0,2.0,2.0,1,0,9,0.0
2024-09-11,Ph01_Z01_C01,7.64015E+12,0.0,2.0,4.0,2.0,1.4285714285714286,1.8571428571428572,2,0,9,0.0
2024-09-12,Ph01_Z01_C01,7.64015E+12,0.0,0.0,2.0,2.0,1.1428571428571428,1.7142857142857142,3,0,9,1.0
2024-09-13,Ph01_Z01_C01,7.64015E+12,1.0,0.0,2.0,5.0,1.0,1.4285714285714286,4,0,9,2.0
2024-09-14,Ph01_Z01_C01,7.64015E+12,2.0,1.0,1.0,0.0,1.1428571428571428,1.5714285714285714,5,1,9,0.0
2024-09-15,Ph01_Z01_C01,7.64015E+12,0.0,2.0,1.0,3.0,1.0,1.3571428571428572,6,1,9,1.0
2024-09-16,Ph01_Z01_C01,7.64015E+12,1.0,0.0,2.0,1.0,0.8571428571428571,1.3571428571428572,0,0,9,2.0
2024-09-17,Ph01_Z01_C01,7.64015E+12,2.0,1.0,2.0,1.0,0.8571428571428571,1.4285714285714286,1,0,9,1.0
2024-09-18,Ph01_Z01_C01,7.64015E+12,1.0,2.0,0.0,4.0,1.0,1.2142857142857142,2,0,9,0.0
2024-09-19,Ph01_Z01_C01,7.64015E+12,0.0,1.0,0.0,2.0,1.0,1.0714285714285714,3,0,9,6.0
2024-09-20,Ph01_Z01_C01,7.64015E+12,6.0,0.0,1.0,2.0,1.7142857142857142,1.3571428571428572,4,0,9,3.0
2024-09-21,Ph01_Z01_C01,7.64015E+12,3.0,6.0,2.0,1.0,1.8571428571428572,1.5,5,1,9,1.0
2024-09-22,Ph01_Z01_C01,7.64015E+12,1.0,3.0,0.0,1.0,2.0,1.5,6,1,9,0.0
2024-09-23,Ph01_Z01_C01,7.64015E+12,0.0,1.0,1.0,2.0,1.8571428571428572,1.3571428571428572,0,0,9,0.0
2024-09-24,Ph01_Z01_C01,7.64015E+12,0.0,0.0,2.0,2.0,1.5714285714285714,1.2142857142857142,1,0,9,4.0
2024-09-25,Ph01_Z01_C01,7.64015E+12,4.0,0.0,1.0,0.0,2.0,1.5,2,0,9,0.0
2024-09-26,Ph01_Z01_C01,7.64015E+12,0.0,4.0,0.0,0.0,2.0,1.5,3,0,9,3.0
2024-09-27,Ph01_Z01_C01,7.64015E+12,3.0,0.0,6.0,1.0,1.5714285714285714,1.6428571428571428,4,0,9,1.0
2024-09-28,Ph01_Z01_C01,7.64015E+12,1.0,3.0,3.0,2.0,1.2857142857142858,1.5714285714285714,5,1,9,1.0
2024-09-29,Ph01_Z01_C01,7.64015E+12,1.0,1.0,1.0,0.0,1.2857142857142858,1.6428571428571428,6,1,9,2.0
2024-09-30,Ph01_Z01_C01,7.64015E+12,2.0,1.0,0.0,1.0,1.5714285714285714,1.7142857142857142,0,0,9,1.0
2024-10-01,Ph01_Z01_C01,7.64015E+12,1.0,2.0,0.0,2.0,1.7142857142857142,1.6428571428571428,1,0,10,2.0
2024-10-02,Ph01_Z01_C01,7.64015E+12,2.0,1.0,4.0,1.0,1.4285714285714286,1.7142857142857142,2,0,10,1.0
2024-10-03,Ph01_Z01_C01,7.64015E+12,1.0,2.0,0.0,0.0,1.5714285714285714,1.7857142857142858,3,0,10,0.0
2024-10-04,Ph01_Z01_C01,7.64015E+12,0.0,1.0,3.0,6.0,1.1428571428571428,1.3571428571428572,4,0,10,1.0
2024-10-05,Ph01_Z01_C01,7.64015E+12,1.0,0.0,1.0,3.0,1.1428571428571428,1.2142857142857142,5,1,10,2.0
2024-10-06,Ph01_Z01_C01,7.64015E+12,2.0,1.0,1.0,1.0,1.2857142857142858,1.2857142857142858,6,1,10,1.0
2024-10-07,Ph01_Z01_C01,7.64015E+12,1.0,2.0,2.0,0.0,1.1428571428571428,1.3571428571428572,0,0,10,2.0
2024-10-08,Ph01_Z01_C01,7.64015E+12,2.0,1.0,1.0,0.0,1.2857142857142858,1.5,1,0,10,3.0
2024-10-09,Ph01_Z01_C01,7.64015E+12,3.0,2.0,2.0,4.0,1.4285714285714286,1.4285714285714286,2,0,10,0.0
2024-10-10,Ph01_Z01_C01,7.64015E+12,0.0,3.0,1.0,0.0,1.2857142857142858,1.4285714285714286,3,0,10,2.0
2024-10-11,Ph01_Z01_C01,7.64015E+12,2.0,0.0,0.0,3.0,1.5714285714285714,1.3571428571428572,4,0,10,1.0
2024-10-12,Ph01_Z01_C01,7.64015E+12,1.0,2.0,1.0,1.0,1.5714285714285714,1.3571428571428572,5,1,10,2.0
2024-10-13,Ph01_Z01_C01,7.64015E+12,2.0,1.0,2.0,1.0,1.5714285714285714,1.4285714285714286,6,1,10,2.0
2024-10-14,Ph01_Z01_C01,7.64015E+12,2.0,2.0,1.0,2.0,1.7142857142857142,1.4285714285714286,0,0,10,0.0
2024-10-15,Ph01_Z01_C01,7.64015E+12,0.0,2.0,2.0,1.0,1.4285714285714286,1.3571428571428572,1,0,10,0.0
2024-10-16,Ph01_Z01_C01,7.64015E+12,0.0,0.0,3.0,2.0,1.0,1.2142857142857142,2,0,10,0.0
2024-10-17,Ph01_Z01_C01,7.64015E+12,0.0,0.0,0.0,1.0,1.0,1.1428571428571428,3,0,10,0.0
2024-10-18,Ph01_Z01_C01,7.64015E+12,0.0,0.0,2.0,0.0,0.7142857142857143,1.1428571428571428,4,0,10,1.0
2024-10-19,Ph01_Z01_C01,7.64015E+12,1.0,0.0,1.0,1.0,0.7142857142857143,1.1428571428571428,5,1,10,0.0
2024-10-20,Ph01_Z01_C01,7.64015E+12,0.0,1.0,2.0,2.0,0.42857142857142855,1.0,6,1,10,1.0
2024-10-21,Ph01_Z01_C01,7.64015E+12,1.0,0.0,2.0,1.0,0.2857142857142857,1.0,0,0,10,0.0
2024-10-22,Ph01_Z01_C01,7.64015E+12,0.0,1.0,0.0,2.0,0.2857142857142857,0.8571428571428571,1,0,10,3.0
2024-10-23,Ph01_Z01_C01,7.64015E+12,3.0,0.0,0.0,3.0,0.7142857142857143,0.8571428571428571,2,0,10,4.0
2024-10-24,Ph01_Z01_C01,7.64015E+12,4.0,3.0,0.0,0.0,1.2857142857142858,1.1428571428571428,3,0,10,0.0
2024-10-25,Ph01_Z01_C01,7.64015E+12,0.0,4.0,0.0,2.0,1.2857142857142858,1.0,4,0,10,0.0
2024-10-26,Ph01_Z01_C01,7.64015E+12,0.0,0.0,1.0,1.0,1.1428571428571428,0.9285714285714286,5,1,10,2.0
2024-10-27,Ph01_Z01_C01,7.64015E+12,2.0,0.0,0.0,2.0,1.4285714285714286,0.9285714285714286,6,1,10,0.0
2024-10-28,Ph01_Z01_C01,7.64015E+12,0.0,2.0,1.0,2.0,1.2857142857142858,0.7857142857142857,0,0,10,3.0
2024-10-29,Ph01_Z01_C01,7.64015E+12,3.0,0.0,0.0,0.0,1.7142857142857142,1.0,1,0,10,1.0
2024-10-30,Ph01_Z01_C01,7.64015E+12,1.0,3.0,3.0,0.0,1.4285714285714286,1.0714285714285714,2,0,10,2.0
2024-10-31,Ph01_Z01_C01,7.64015E+12,2.0,1.0,4.0,0.0,1.1428571428571428,1.2142857142857142,3,0,10,4.0
2024-01-01,Ph01_Z01_C01,8.69957E+12,1.0,0.0,0.0,0.0,1.0,1.0,0,0,1,1.0
2024-01-02,Ph01_Z01_C01,8.69957E+12,1.0,1.0,0.0,0.0,1.0,1.0,1,0,1,2.0
2024-01-03,Ph01_Z01_C01,8.69957E+12,2.0,1.0,0.0,0.0,1.3333333333333333,1.3333333333333333,2,0,1,1.0
2024-01-04,Ph01_Z01_C01,8.69957E+12,1.0,2.0,0.0,0.0,1.25,1.25,3,0,1,0.0
2024-01-05,Ph01_Z01_C01,8.69957E+12,0.0,1.0,0.0,0.0,1.0,1.0,4,0,1,0.0
2024-01-06,Ph01_Z01_C01,8.69957E+12,0.0,0.0,0.0,0.0,0.8333333333333334,0.8333333333333334,5,1,1,3.0
2024-01-07,Ph01_Z01_C01,8.69957E+12,3.0,0.0,0.0,0.0,1.1428571428571428,1.1428571428571428,6,1,1,3.0
2024-01-08,Ph01_Z01_C01,8.69957E+12,3.0,3.0,1.0,0.0,1.4285714285714286,1.375,0,0,1,8.0
2024-01-09,Ph01_Z01_C01,8.69957E+12,8.0,3.0,1.0,0.0,2.4285714285714284,2.111111111111111,1,0,1,2.0
2024-01-10,Ph01_Z01_C01,8.69957E+12,2.0,8.0,2.0,0.0,2.4285714285714284,2.1,2,0,1,2.0
2024-01-11,Ph01_Z01_C01,8.69957E+12,2.0,2.0,1.0,0.0,2.5714285714285716,2.090909090909091,3,0,1,2.0
2024-01-12,Ph01_Z01_C01,8.69957E+12,2.0,2.0,0.0,0.0,2.857142857142857,2.0833333333333335,4,0,1,0.0
2024-01-13,Ph01_Z01_C01,8.69957E+12,0.0,2.0,0.0,0.0,2.857142857142857,1.9230769230769231,5,1,1,2.0
2024-01-14,Ph01_Z01_C01,8.69957E+12,2.0,0.0,3.0,0.0,2.7142857142857144,1.9285714285714286,6,1,1,2.0
2024-01-15,Ph01_Z01_C01,8.69957E+12,2.0,2.0,3.0,1.0,2.5714285714285716,2.0,0,0,1,2.0
2024-01-16,Ph01_Z01_C01,8.69957E+12,2.0,2.0,8.0,1.0,1.7142857142857142,2.0714285714285716,1,0,1,3.0
2024-01-17,Ph01_Z01_C01,8.69957E+12,3.0,2.0,2.0,2.0,1.8571428571428572,2.142857142857143,2,0,1,0.0
2024-01-18,Ph01_Z01_C01,8.69957E+12,0.0,3.0,2.0,1.0,1.5714285714285714,2.0714285714285716,3,0,1,5.0
2024-01-19,Ph01_Z01_C01,8.69957E+12,5.0,0.0,2.0,0.0,2.0,2.4285714285714284,4,0,1,0.0
2024-01-20,Ph01_Z01_C01,8.69957E+12,0.0,5.0,0.0,0.0,2.0,2.4285714285714284,5,1,1,2.0
2024-01-21,Ph01_Z01_C01,8.69957E+12,2.0,0.0,2.0,3.0,2.0,2.357142857142857,6,1,1,2.0
2024-01-22,Ph01_Z01_C01,8.69957E+12,2.0,2.0,2.0,3.0,2.0,2.2857142857142856,0,0,1,0.0
2024-01-23,Ph01_Z01_C01,8.69957E+12,0.0,2.0,2.0,8.0,1.7142857142857142,1.7142857142857142,1,0,1,1.0
2024-01-24,Ph01_Z01_C01,8.69957E+12,1.0,0.0,3.0,2.0,1.4285714285714286,1.6428571428571428,2,0,1,1.0
2024-01-25,Ph01_Z01_C01,8.69957E+12,1.0,1.0,0.0,2.0,1.5714285714285714,1.5714285714285714,3,0,1,2.0
2024-01-26,Ph01_Z01_C01,8.69957E+12,2.0,1.0,5.0,2.0,1.1428571428571428,1.5714285714285714,4,0,1,1.0
2024-01-27,Ph01_Z01_C01,8.69957E+12,1.0,2.0,0.0,0.0,1.2857142857142858,1.6428571428571428,5,1,1,0.0
2024-01-28,Ph01_Z01_C01,8.69957E+12,0.0,1.0,2.0,2.0,1.0,1.5,6,1,1,0.0
2024-01-29,Ph01_Z01_C01,8.69957E+12,0.0,0.0,2.0,2.0,0.7142857142857143,1.3571428571428572,0,0,1,0.0
2024-01-30,Ph01_Z01_C01,8.69957E+12,0.0,0.0,0.0,2.0,0.7142857142857143,1.2142857142857142,1,0,1,3.0
2024-01-31,Ph01_Z01_C01,8.69957E+12,3.0,0.0,1.0,3.0,1.0,1.2142857142857142,2,0,1,2.0
2024-02-01,Ph01_Z01_C01,8.69957E+12,2.0,3.0,1.0,0.0,1.1428571428571428,1.3571428571428572,3,0,2,2.0
2024-02-02,Ph01_Z01_C01,8.69957E+12,2.0,2.0,2.0,5.0,1.1428571428571428,1.1428571428571428,4,0,2,2.0
2024-02-03,Ph01_Z01_C01,8.69957E+12,2.0,2.0,1.0,0.0,1.2857142857142858,1.2857142857142858,5,1,2,1.0
2024-02-04,Ph01_Z01_C01,8.69957E+12,1.0,2.0,0.0,2.0,1.4285714285714286,1.2142857142857142,6,1,2,3.0
2024-02-05,Ph01_Z01_C01,8.69957E+12,3.0,1.0,0.0,2.0,1.8571428571428572,1.2857142857142858,0,0,2,0.0
2024-02-06,Ph01_Z01_C01,8.69957E+12,0.0,3.0,0.0,0.0,1.8571428571428572,1.2857142857142858,1,0,2,2.0
2024-02-07,Ph01_Z01_C01,8.69957E+12,2.0,0.0,3.0,1.0,1.7142857142857142,1.3571428571428572,2,0,2,1.0
2024-02-08,Ph01_Z01_C01,8.69957E+12,1.0,2.0,2.0,1.0,1.5714285714285714,1.3571428571428572,3,0,2,2.0
2024-02-09,Ph01_Z01_C01,8.69957E+12,2.0,1.0,2.0,2.0,1.5714285714285714,1.3571428571428572,4,0,2,1.0
2024-02-10,Ph01_Z01_C01,8.69957E+12,1.0,2.0,2.0,1.0,1.4285714285714286,1.3571428571428572,5,1,2,2.0
2024-02-11,Ph01_Z01_C01,8.69957E+12,2.0,1.0,1.0,0.0,1.5714285714285714,1.5,6,1,2,0.0
2024-02-12,Ph01_Z01_C01,8.69957E+12,0.0,2.0,3.0,0.0,1.1428571428571428,1.5,0,0,2,3.0
2024-02-13,Ph01_Z01_C01,8.69957E+12,3.0,0.0,0.0,0.0,1.5714285714285714,1.7142857142857142,1,0,2,0.0
2024-02-14,Ph01_Z01_C01,8.69957E+12,0.0,3.0,2.0,3.0,1.2857142857142858,1.5,2,0,2,0.0
2024-02-15,Ph01_Z01_C01,8.69957E+12,0.0,0.0,1.0,2.0,1.1428571428571428,1.3571428571428572,3,0,2,2.0
2024-02-16,Ph01_Z01_C01,8.69957E+12,2.0,0.0,2.0,2.0,1.1428571428571428,1.3571428571428572,4,0,2,1.0
2024-02-17,Ph01_Z01_C01,8.69957E+12,1.0,2.0,1.0,2.0,1.1428571428571428,1.2857142857142858,5,1,2,6.0
2024-02-18,Ph01_Z01_C01,8.69957E+12,6.0,1.0,2.0,1.0,1.7142857142857142,1.6428571428571428,6,1,2,2.0
2024-02-19,Ph01_Z01_C01,8.69957E+12,2.0,6.0,0.0,3.0,2.0,1.5714285714285714,0,0,2,0.0
2024-02-20,Ph01_Z01_C01,8.69957E+12,0.0,2.0,3.0,0.0,1.5714285714285714,1.5714285714285714,1,0,2,0.0
2024-02-21,Ph01_Z01_C01,8.69957E+12,0.0,0.0,0.0,2.0,1.5714285714285714,1.4285714285714286,2,0,2,1.0
2024-02-22,Ph01_Z01_C01,8.69957E+12,1.0,0.0,0.0,1.0,1.7142857142857142,1.4285714285714286,3,0,2,4.0
2024-02-23,Ph01_Z01_C01,8.69957E+12,4.0,1.0,2.0,2.0,2.0,1.5714285714285714,4,0,2,1.0
2024-02-24,Ph01_Z01_C01,8.69957E+12,1.0,4.0,1.0,1.0,2.0,1.5714285714285714,5,1,2,3.0
2024-02-25,Ph01_Z01_C01,8.69957E+12,3.0,1.0,6.0,2.0,1.5714285714285714,1.6428571428571428,6,1,2,0.0
2024-02-26,Ph01_Z01_C01,8.69957E+12,0.0,3.0,2.0,0.0,1.2857142857142858,1.6428571428571428,0,0,2,0.0
2024-02-27,Ph01_Z01_C01,8.69957E+12,0.0,0.0,0.0,3.0,1.2857142857142858,1.4285714285714286,1,0,2,0.0
2024-02-28,Ph01_Z01_C01,8.69957E+12,0.0,0.0,0.0,0.0,1.2857142857142858,1.4285714285714286,2,0,2,1.0
2024-02-29,Ph01_Z01_C01,8.69957E+12,1.0,0.0,1.0,0.0,1.2857142857142858,1.5,3,0,2,0.0
2024-03-01,Ph01_Z01_C01,8.69957E+12,0.0,1.0,4.0,2.0,0.7142857142857143,1.3571428571428572,4,0,3,0.0
2024-03-02,Ph01_Z01_C01,8.69957E+12,0.0,0.0,1.0,1.0,0.5714285714285714,1.2857142857142858,5,1,3,1.0
2024-03-03,Ph01_Z01_C01,8.69957E+12,1.0,0.0,3.0,6.0,0.2857142857142857,0.9285714285714286,6,1,3,2.0
2024-03-04,Ph01_Z01_C01,8.69957E+12,2.0,1.0,0.0,2.0,0.5714285714285714,0.9285714285714286,0,0,3,1.0
2024-03-05,Ph01_Z01_C01,8.69957E+12,1.0,2.0,0.0,0.0,0.7142857142857143,1.0,1,0,3,5.0
2024-03-06,Ph01_Z01_C01,8.69957E+12,5.0,1.0,0.0,0.0,1.4285714285714286,1.3571428571428572,2,0,3,0.0
2024-03-07,Ph01_Z01_C01,8.69957E+12,0.0,5.0,1.0,1.0,1.2857142857142858,1.2857142857142858,3,0,3,1.0
2024-03-08,Ph01_Z01_C01,8.69957E+12,1.0,0.0,0.0,4.0,1.4285714285714286,1.0714285714285714,4,0,3,2.0
2024-03-09,Ph01_Z01_C01,8.69957E+12,2.0,1.0,0.0,1.0,1.7142857142857142,1.1428571428571428,5,1,3,3.0
2024-03-10,Ph01_Z01_C01,8.69957E+12,3.0,2.0,1.0,3.0,2.0,1.1428571428571428,6,1,3,0.0
2024-03-11,Ph01_Z01_C01,8.69957E+12,0.0,3.0,2.0,0.0,1.7142857142857142,1.1428571428571428,0,0,3,0.0
2024-03-12,Ph01_Z01_C01,8.69957E+12,0.0,0.0,1.0,0.0,1.5714285714285714,1.1428571428571428,1,0,3,1.0
2024-03-13,Ph01_Z01_C01,8.69957E+12,1.0,0.0,5.0,0.0,1.0,1.2142857142857142,2,0,3,0.0
2024-03-14,Ph01_Z01_C01,8.69957E+12,0.0,1.0,0.0,1.0,1.0,1.1428571428571428,3,0,3,2.0
2024-03-15,Ph01_Z01_C01,8.69957E+12,2.0,0.0,1.0,0.0,1.1428571428571428,1.2857142857142858,4,0,3,3.0
2024-03-16,Ph01_Z01_C01,8.69957E+12,3.0,2.0,2.0,0.0,1.2857142857142858,1.5,5,1,3,2.0
2024-03-17,Ph01_Z01_C01,8.69957E+12,2.0,3.0,3.0,1.0,1.1428571428571428,1.5714285714285714,6,1,3,2.0
2024-03-18,Ph01_Z01_C01,8.69957E+12,2.0,2.0,0.0,2.0,1.4285714285714286,1.5714285714285714,0,0,3,1.0
2024-03-19,Ph01_Z01_C01,8.69957E+12,1.0,2.0,0.0,1.0,1.5714285714285714,1.5714285714285714,1,0,3,1.0
2024-03-20,Ph01_Z01_C01,8.69957E+12,1.0,1.0,1.0,5.0,1.5714285714285714,1.2857142857142858,2,0,3,1.0
2024-03-21,Ph01_Z01_C01,8.69957E+12,1.0,1.0,0.0,0.0,1.7142857142857142,1.3571428571428572,3,0,3,1.0
2024-03-22,Ph01_Z01_C01,8.69957E+12,1.0,1.0,2.0,1.0,1.5714285714285714,1.3571428571428572,4,0,3,6.0
2024-03-23,Ph01_Z01_C01,8.69957E+12,6.0,1.0,3.0,2.0,2.0,1.6428571428571428,5,1,3,3.0
2024-03-24,Ph01_Z01_C01,8.69957E+12,3.0,6.0,2.0,3.0,2.142857142857143,1.6428571428571428,6,1,3,6.0
2024-03-25,Ph01_Z01_C01,8.69957E+12,6.0,3.0,2.0,0.0,2.7142857142857144,2.0714285714285716,0,0,3,1.0
2024-03-26,Ph01_Z01_C01,8.69957E+12,1.0,6.0,1.0,0.0,2.7142857142857144,2.142857142857143,1,0,3,1.0
2024-03-27,Ph01_Z01_C01,8.69957E+12,1.0,1.0,1.0,1.0,2.7142857142857144,2.142857142857143,2,0,3,0.0
2024-03-28,Ph01_Z01_C01,8.69957E+12,0.0,1.0,1.0,0.0,2.5714285714285716,2.142857142857143,3,0,3,0.0
2024-03-29,Ph01_Z01_C01,8.69957E+12,0.0,0.0,1.0,2.0,2.4285714285714284,2.0,4,0,3,0.0
2024-03-30,Ph01_Z01_C01,8.69957E+12,0.0,0.0,6.0,3.0,1.5714285714285714,1.7857142857142858,5,1,3,3.0
2024-03-31,Ph01_Z01_C01,8.69957E+12,3.0,0.0,3.0,2.0,1.5714285714285714,1.8571428571428572,6,1,3,0.0
2024-04-01,Ph01_Z01_C01,8.69957E+12,0.0,3.0,6.0,2.0,0.7142857142857143,1.7142857142857142,0,0,4,0.0
2024-04-02,Ph01_Z01_C01,8.69957E+12,0.0,0.0,1.0,1.0,0.5714285714285714,1.6428571428571428,1,0,4,3.0
2024-04-03,Ph01_Z01_C01,8.69957E+12,3.0,0.0,1.0,1.0,0.8571428571428571,1.7857142857142858,2,0,4,0.0
2024-04-04,Ph01_Z01_C01,8.69957E+12,0.0,3.0,0.0,1.0,0.8571428571428571,1.7142857142857142,3,0,4,1.0
2024-04-05,Ph01_Z01_C01,8.69957E+12,1.0,0.0,0.0,1.0,1.0,1.7142857142857142,4,0,4,2.0
2024-04-06,Ph01_Z01_C01,8.69957E+12,2.0,1.0,0.0,6.0,1.2857142857142858,1.4285714285714286,5,1,4,1.0
2024-04-07,Ph01_Z01_C01,8.69957E+12,1.0,2.0,3.0,3.0,1.0,1.2857142857142858,6,1,4,1.0
2024-04-08,Ph01_Z01_C01,8.69957E+12,1.0,1.0,0.0,6.0,1.1428571428571428,0.9285714285714286,0,0,4,2.0
2024-04-09,Ph01_Z01_C01,8.69957E+12,2.0,1.0,0.0,1.0,1.4285714285714286,1.0,1,0,4,1.0
2024-04-10,Ph01_Z01_C01,8.69957E+12,1.0,2.0,3.0,1.0,1.1428571428571428,1.0,2,0,4,3.0
2024-04-11,Ph01_Z01_C01,8.69957E+12,3.0,1.0,0.0,0.0,1.5714285714285714,1.2142857142857142,3,0,4,1.0
2024-04-12,Ph01_Z01_C01,8.69957E+12,1.0,3.0,1.0,0.0,1.5714285714285714,1.2857142857142858,4,0,4,1.0
2024-04-13,Ph01_Z01_C01,8.69957E+12,1.0,1.0,2.0,0.0,1.4285714285714286,1.3571428571428572,5,1,4,1.0
2024-04-14,Ph01_Z01_C01,8.69957E+12,1.0,1.0,1.0,3.0,1.4285714285714286,1.2142857142857142,6,1,4,1.0
2024-04-15,Ph01_Z01_C01,8.69957E+12,1.0,1.0,1.0,0.0,1.4285714285714286,1.2857142857142858,0,0,4,1.0
2024-04-16,Ph01_Z01_C01,8.69957E+12,1.0,1.0,2.0,0.0,1.2857142857142858,1.3571428571428572,1,0,4,1.0
2024-04-17,Ph01_Z01_C01,8.69957E+12,1.0,1.0,1.0,3.0,1.2857142857142858,1.2142857142857142,2,0,4,1.0
2024-04-18,Ph01_Z01_C01,8.69957E+12,1.0,1.0,3.0,0.0,1.0,1.2857142857142858,3,0,4,1.0
2024-04-19,Ph01_Z01_C01,8.69957E+12,1.0,1.0,1.0,1.0,1.0,1.2857142857142858,4,0,4,2.0
2024-04-20,Ph01_Z01_C01,8.69957E+12,2.0,1.0,1.0,2.0,1.1428571428571428,1.2857142857142858,5,1,4,0.0
2024-04-21,Ph01_Z01_C01,8.69957E+12,0.0,2.0,1.0,1.0,1.0,1.2142857142857142,6,1,4,0.0
2024-04-22,Ph01_Z01_C01,8.69957E+12,0.0,0.0,1.0,1.0,0.8571428571428571,1.1428571428571428,0,0,4,2.0
2024-04-23,Ph01_Z01_C01,8.69957E+12,2.0,0.0,1.0,2.0,1.0,1.1428571428571428,1,0,4,0.0
2024-04-24,Ph01_Z01_C01,8.69957E+12,0.0,2.0,1.0,1.0,0.8571428571428571,1.0714285714285714,2,0,4,1.0
2024-04-25,Ph01_Z01_C01,8.69957E+12,1.0,0.0,1.0,3.0,0.8571428571428571,0.9285714285714286,3,0,4,4.0
2024-04-26,Ph01_Z01_C01,8.69957E+12,4.0,1.0,1.0,1.0,1.2857142857142858,1.1428571428571428,4,0,4,0.0
2024-04-27,Ph01_Z01_C01,8.69957E+12,0.0,4.0,2.0,1.0,1.0,1.0714285714285714,5,1,4,1.0
2024-04-28,Ph01_Z01_C01,8.69957E+12,1.0,0.0,0.0,1.0,1.1428571428571428,1.0714285714285714,6,1,4,3.0
2024-04-29,Ph01_Z01_C01,8.69957E+12,3.0,1.0,0.0,1.0,1.5714285714285714,1.2142857142857142,0,0,4,2.0
2024-04-30,Ph01_Z01_C01,8.69957E+12,2.0,3.0,2.0,1.0,1.5714285714285714,1.2857142857142858,1,0,4,6.0
2024-05-01,Ph01_Z01_C01,8.69957E+12,6.0,2.0,0.0,1.0,2.4285714285714284,1.6428571428571428,2,0,5,2.0
2024-05-02,Ph01_Z01_C01,8.69957E+12,2.0,6.0,1.0,1.0,2.5714285714285716,1.7142857142857142,3,0,5,1.0
2024-05-03,Ph01_Z01_C01,8.69957E+12,1.0,2.0,4.0,1.0,2.142857142857143,1.7142857142857142,4,0,5,0.0
2024-05-04,Ph01_Z01_C01,8.69957E+12,0.0,1.0,0.0,2.0,2.142857142857143,1.5714285714285714,5,1,5,2.0
2024-05-05,Ph01_Z01_C01,8.69957E+12,2.0,0.0,1.0,0.0,2.2857142857142856,1.7142857142857142,6,1,5,1.0
2024-05-06,Ph01_Z01_C01,8.69957E+12,1.0,2.0,3.0,0.0,2.0,1.7857142857142858,0,0,5,1.0
2024-05-07,Ph01_Z01_C01,8.69957E+12,1.0,1.0,2.0,2.0,1.8571428571428572,1.7142857142857142,1,0,5,1.0
2024-05-08,Ph01_Z01_C01,8.69957E+12,1.0,1.0,6.0,0.0,1.1428571428571428,1.7857142857142858,2,0,5,1.0
2024-05-09,Ph01_Z01_C01,8.69957E+12,1.0,1.0,2.0,1.0,1.0,1.7857142857142858,3,0,5,2.0
2024-05-10,Ph01_Z01_C01,8.69957E+12,2.0,1.0,1.0,4.0,1.1428571428571428,1.6428571428571428,4,0,5,1.0
2024-05-11,Ph01_Z01_C01,8.69957E+12,1.0,2.0,0.0,0.0,1.2857142857142858,1.7142857142857142,5,1,5,1.0
2024-05-12,Ph01_Z01_C01,8.69957E+12,1.0,1.0,2.0,1.0,1.1428571428571428,1.7142857142857142,6,1,5,2.0
2024-05-13,Ph01_Z01_C01,8.69957E+12,2.0,1.0,1.0,3.0,1.2857142857142858,1.6428571428571428,0,0,5,6.0
2024-05-14,Ph01_Z01_C01,8.69957E+12,6.0,2.0,1.0,2.0,2.0,1.9285714285714286,1,0,5,4.0
2024-05-15,Ph01_Z01_C01,8.69957E+12,4.0,6.0,1.0,6.0,2.4285714285714284,1.7857142857142858,2,0,5,1.0
2024-05-16,Ph01_Z01_C01,8.69957E+12,1.0,4.0,1.0,2.0,2.4285714285714284,1.7142857142857142,3,0,5,1.0
2024-05-17,Ph01_Z01_C01,8.69957E+12,1.0,1.0,2.0,1.0,2.2857142857142856,1.7142857142857142,4,0,5,1.0
2024-05-18,Ph01_Z01_C01,8.69957E+12,1.0,1.0,1.0,0.0,2.2857142857142856,1.7857142857142858,5,1,5,0.0
2024-05-19,Ph01_Z01_C01,8.69957E+12,0.0,1.0,1.0,2.0,2.142857142857143,1.6428571428571428,6,1,5,2.0
2024-05-20,Ph01_Z01_C01,8.69957E+12,2.0,0.0,2.0,1.0,2.142857142857143,1.7142857142857142,0,0,5,1.0
2024-05-21,Ph01_Z01_C01,8.69957E+12,1.0,2.0,6.0,1.0,1.4285714285714286,1.7142857142857142,1,0,5,0.0
2024-05-22,Ph01_Z01_C01,8.69957E+12,0.0,1.0,4.0,1.0,0.8571428571428571,1.6428571428571428,2,0,5,2.0
2024-05-23,Ph01_Z01_C01,8.69957E+12,2.0,0.0,1.0,1.0,1.0,1.7142857142857142,3,0,5,0.0
2024-05-24,Ph01_Z01_C01,8.69957E+12,0.0,2.0,1.0,2.0,0.8571428571428571,1.5714285714285714,4,0,5,2.0
2024-05-25,Ph01_Z01_C01,8.69957E+12,2.0,0.0,1.0,1.0,1.0,1.6428571428571428,5,1,5,3.0
2024-05-26,Ph01_Z01_C01,8.69957E+12,3.0,2.0,0.0,1.0,1.4285714285714286,1.7857142857142858,6,1,5,1.0
2024-05-27,Ph01_Z01_C01,8.69957E+12,1.0,3.0,2.0,2.0,1.2857142857142858,1.7142857142857142,0,0,5,1.0
2024-05-28,Ph01_Z01_C01,8.69957E+12,1.0,1.0,1.0,6.0,1.2857142857142858,1.3571428571428572,1,0,5,1.0
2024-05-29,Ph01_Z01_C01,8.69957E+12,1.0,1.0,0.0,4.0,1.4285714285714286,1.1428571428571428,2,0,5,0.0
2024-05-30,Ph01_Z01_C01,8.69957E+12,0.0,1.0,2.0,1.0,1.1428571428571428,1.0714285714285714,3,0,5,1.0
2024-05-31,Ph01_Z01_C01,8.69957E+12,1.0,0.0,0.0,1.0,1.2857142857142858,1.0714285714285714,4,0,5,3.0
2024-06-01,Ph01_Z01_C01,8.69957E+12,3.0,1.0,2.0,1.0,1.4285714285714286,1.2142857142857142,5,1,6,4.0
2024-06-02,Ph01_Z01_C01,8.69957E+12,4.0,3.0,3.0,0.0,1.5714285714285714,1.5,6,1,6,0.0
2024-06-03,Ph01_Z01_C01,8.69957E+12,0.0,4.0,1.0,2.0,1.4285714285714286,1.3571428571428572,0,0,6,0.0
2024-06-04,Ph01_Z01_C01,8.69957E+12,0.0,0.0,1.0,1.0,1.2857142857142858,1.2857142857142858,1,0,6,1.0
2024-06-05,Ph01_Z01_C01,8.69957E+12,1.0,0.0,1.0,0.0,1.2857142857142858,1.3571428571428572,2,0,6,0.0
2024-06-06,Ph01_Z01_C01,8.69957E+12,0.0,1.0,0.0,2.0,1.2857142857142858,1.2142857142857142,3,0,6,0.0
2024-06-07,Ph01_Z01_C01,8.69957E+12,0.0,0.0,1.0,0.0,1.1428571428571428,1.2142857142857142,4,0,6,1.0
2024-06-08,Ph01_Z01_C01,8.69957E+12,1.0,0.0,3.0,2.0,0.8571428571428571,1.1428571428571428,5,1,6,1.0
2024-06-09,Ph01_Z01_C01,8.69957E+12,1.0,1.0,4.0,3.0,0.42857142857142855,1.0,6,1,6,3.0
2024-06-10,Ph01_Z01_C01,8.69957E+12,3.0,1.0,0.0,1.0,0.8571428571428571,1.1428571428571428,0,0,6,1.0
2024-06-11,Ph01_Z01_C01,8.69957E+12,1.0,3.0,0.0,1.0,1.0,1.1428571428571428,1,0,6,0.0
2024-06-12,Ph01_Z01_C01,8.69957E+12,0.0,1.0,1.0,1.0,0.8571428571428571,1.0714285714285714,2,0,6,1.0
2024-06-13,Ph01_Z01_C01,8.69957E+12,1.0,0.0,0.0,0.0,1.0,1.1428571428571428,3,0,6,4.0
2024-06-14,Ph01_Z01_C01,8.69957E+12,4.0,1.0,0.0,1.0,1.5714285714285714,1.3571428571428572,4,0,6,2.0
2024-06-15,Ph01_Z01_C01,8.69957E+12,2.0,4.0,1.0,3.0,1.7142857142857142,1.2857142857142858,5,1,6,2.0
2024-06-16,Ph01_Z01_C01,8.69957E+12,2.0,2.0,1.0,4.0,1.8571428571428572,1.1428571428571428,6,1,6,7.0
2024-06-17,Ph01_Z01_C01,8.69957E+12,7.0,2.0,3.0,0.0,2.4285714285714284,1.6428571428571428,0,0,6,1.0
2024-06-18,Ph01_Z01_C01,8.69957E+12,1.0,7.0,1.0,0.0,2.4285714285714284,1.7142857142857142,1,0,6,0.0
2024-06-19,Ph01_Z01_C01,8.69957E+12,0.0,1.0,0.0,1.0,2.4285714285714284,1.6428571428571428,2,0,6,0.0
2024-06-20,Ph01_Z01_C01,8.69957E+12,0.0,0.0,1.0,0.0,2.2857142857142856,1.6428571428571428,3,0,6,4.0
2024-06-21,Ph01_Z01_C01,8.69957E+12,4.0,0.0,4.0,0.0,2.2857142857142856,1.9285714285714286,4,0,6,3.0
2024-06-22,Ph01_Z01_C01,8.69957E+12,3.0,4.0,2.0,1.0,2.4285714285714284,2.0714285714285716,5,1,6,1.0
2024-06-23,Ph01_Z01_C01,8.69957E+12,1.0,3.0,2.0,1.0,2.2857142857142856,2.0714285714285716,6,1,6,2.0
2024-06-24,Ph01_Z01_C01,8.69957E+12,2.0,1.0,7.0,3.0,1.5714285714285714,2.0,0,0,6,2.0
2024-06-25,Ph01_Z01_C01,8.69957E+12,2.0,2.0,1.0,1.0,1.7142857142857142,2.0714285714285716,1,0,6,0.0
2024-06-26,Ph01_Z01_C01,8.69957E+12,0.0,2.0,0.0,0.0,1.7142857142857142,2.0714285714285716,2,0,6,1.0
2024-06-27,Ph01_Z01_C01,8.69957E+12,1.0,0.0,0.0,1.0,1.8571428571428572,2.0714285714285716,3,0,6,0.0
2024-06-28,Ph01_Z01_C01,8.69957E+12,0.0,1.0,4.0,4.0,1.2857142857142858,1.7857142857142858,4,0,6,1.0
2024-06-29,Ph01_Z01_C01,8.69957E+12,1.0,0.0,3.0,2.0,1.0,1.7142857142857142,5,1,6,1.0
2024-06-30,Ph01_Z01_C01,8.69957E+12,1.0,1.0,1.0,2.0,1.0,1.6428571428571428,6,1,6,4.0
2024-07-01,Ph01_Z01_C01,8.69957E+12,4.0,1.0,2.0,7.0,1.2857142857142858,1.4285714285714286,0,0,7,2.0
2024-07-02,Ph01_Z01_C01,8.69957E+12,2.0,4.0,2.0,1.0,1.2857142857142858,1.5,1,0,7,1.0
2024-07-03,Ph01_Z01_C01,8.69957E+12,1.0,2.0,0.0,0.0,1.4285714285714286,1.5714285714285714,2,0,7,1.0
2024-07-04,Ph01_Z01_C01,8.69957E+12,1.0,1.0,1.0,0.0,1.4285714285714286,1.6428571428571428,3,0,7,2.0
2024-07-05,Ph01_Z01_C01,8.69957E+12,2.0,1.0,0.0,4.0,1.7142857142857142,1.5,4,0,7,1.0
2024-07-06,Ph01_Z01_C01,8.69957E+12,1.0,2.0,1.0,3.0,1.7142857142857142,1.3571428571428572,5,1,7,0.0
2024-07-07,Ph01_Z01_C01,8.69957E+12,0.0,1.0,1.0,1.0,1.5714285714285714,1.2857142857142858,6,1,7,1.0
2024-07-08,Ph01_Z01_C01,8.69957E+12,1.0,0.0,4.0,2.0,1.1428571428571428,1.2142857142857142,0,0,7,0.0
2024-07-09,Ph01_Z01_C01,8.69957E+12,0.0,1.0,2.0,2.0,0.8571428571428571,1.0714285714285714,1,0,7,1.0
2024-07-10,Ph01_Z01_C01,8.69957E+12,1.0,0.0,1.0,0.0,0.8571428571428571,1.1428571428571428,2,0,7,1.0
2024-07-11,Ph01_Z01_C01,8.69957E+12,1.0,1.0,1.0,1.0,0.8571428571428571,1.1428571428571428,3,0,7,0.0
2024-07-12,Ph01_Z01_C01,8.69957E+12,0.0,1.0,2.0,0.0,0.5714285714285714,1.1428571428571428,4,0,7,0.0
2024-07-13,Ph01_Z01_C01,8.69957E+12,0.0,0.0,1.0,1.0,0.42857142857142855,1.0714285714285714,5,1,7,2.0
2024-07-14,Ph01_Z01_C01,8.69957E+12,2.0,0.0,0.0,1.0,0.7142857142857143,1.1428571428571428,6,1,7,2.0
2024-07-15,Ph01_Z01_C01,8.69957E+12,2.0,2.0,1.0,4.0,0.8571428571428571,1.0,0,0,7,2.0
2024-07-16,Ph01_Z01_C01,8.69957E+12,2.0,2.0,0.0,2.0,1.1428571428571428,1.0,1,0,7,0.0
2024-07-17,Ph01_Z01_C01,8.69957E+12,0.0,2.0,1.0,1.0,1.0,0.9285714285714286,2,0,7,4.0
2024-07-18,Ph01_Z01_C01,8.69957E+12,4.0,0.0,1.0,1.0,1.4285714285714286,1.1428571428571428,3,0,7,1.0
2024-07-19,Ph01_Z01_C01,8.69957E+12,1.0,4.0,0.0,2.0,1.5714285714285714,1.0714285714285714,4,0,7,1.0
2024-07-20,Ph01_Z01_C01,8.69957E+12,1.0,1.0,0.0,1.0,1.7142857142857142,1.0714285714285714,5,1,7,2.0
2024-07-21,Ph01_Z01_C01,8.69957E+12,2.0,1.0,2.0,0.0,1.7142857142857142,1.2142857142857142,6,1,7,3.0
2024-07-22,Ph01_Z01_C01,8.69957E+12,3.0,2.0,2.0,1.0,1.8571428571428572,1.3571428571428572,0,0,7,0.0
2024-07-23,Ph01_Z01_C01,8.69957E+12,0.0,3.0,2.0,0.0,1.5714285714285714,1.3571428571428572,1,0,7,1.0
2024-07-24,Ph01_Z01_C01,8.69957E+12,1.0,0.0,0.0,1.0,1.7142857142857142,1.3571428571428572,2,0,7,2.0
2024-07-25,Ph01_Z01_C01,8.69957E+12,2.0,1.0,4.0,1.0,1.4285714285714286,1.4285714285714286,3,0,7,1.0
2024-07-26,Ph01_Z01_C01,8.69957E+12,1.0,2.0,1.0,0.0,1.4285714285714286,1.5,4,0,7,2.0
2024-07-27,Ph01_Z01_C01,8.69957E+12,2.0,1.0,1.0,0.0,1.5714285714285714,1.6428571428571428,5,1,7,5.0
2024-07-28,Ph01_Z01_C01,8.69957E+12,5.0,2.0,2.0,2.0,2.0,1.8571428571428572,6,1,7,3.0
2024-07-29,Ph01_Z01_C01,8.69957E+12,3.0,5.0,3.0,2.0,2.0,1.9285714285714286,0,0,7,1.0
2024-07-30,Ph01_Z01_C01,8.69957E+12,1.0,3.0,0.0,2.0,2.142857142857143,1.8571428571428572,1,0,7,0.0
2024-07-31,Ph01_Z01_C01,8.69957E+12,0.0,1.0,1.0,0.0,2.0,1.8571428571428572,2,0,7,0.0
2024-08-01,Ph01_Z01_C01,8.69957E+12,0.0,0.0,2.0,4.0,1.7142857142857142,1.5714285714285714,3,0,8,0.0
2024-08-02,Ph01_Z01_C01,8.69957E+12,0.0,0.0,1.0,1.0,1.5714285714285714,1.5,4,0,8,0.0
2024-08-03,Ph01_Z01_C01,8.69957E+12,0.0,0.0,2.0,1.0,1.2857142857142858,1.4285714285714286,5,1,8,1.0
2024-08-04,Ph01_Z01_C01,8.69957E+12,1.0,0.0,5.0,2.0,0.7142857142857143,1.3571428571428572,6,1,8,0.0
2024-08-05,Ph01_Z01_C01,8.69957E+12,0.0,1.0,3.0,3.0,0.2857142857142857,1.1428571428571428,0,0,8,1.0
2024-08-06,Ph01_Z01_C01,8.69957E+12,1.0,0.0,1.0,0.0,0.2857142857142857,1.2142857142857142,1,0,8,0.0
2024-08-07,Ph01_Z01_C01,8.69957E+12,0.0,1.0,0.0,1.0,0.2857142857142857,1.1428571428571428,2,0,8,3.0
2024-08-08,Ph01_Z01_C01,8.69957E+12,3.0,0.0,0.0,2.0,0.7142857142857143,1.2142857142857142,3,0,8,0.0
2024-08-09,Ph01_Z01_C01,8.69957E+12,0.0,3.0,0.0,1.0,0.7142857142857143,1.1428571428571428,4,0,8,3.0
2024-08-10,Ph01_Z01_C01,8.69957E+12,3.0,0.0,0.0,2.0,1.1428571428571428,1.2142857142857142,5,1,8,1.0
2024-08-11,Ph01_Z01_C01,8.69957E+12,1.0,3.0,1.0,5.0,1.1428571428571428,0.9285714285714286,6,1,8,1.0
2024-08-12,Ph01_Z01_C01,8.69957E+12,1.0,1.0,0.0,3.0,1.2857142857142858,0.7857142857142857,0,0,8,0.0
2024-08-13,Ph01_Z01_C01,8.69957E+12,0.0,1.0,1.0,1.0,1.1428571428571428,0.7142857142857143,1,0,8,4.0
2024-08-14,Ph01_Z01_C01,8.69957E+12,4.0,0.0,0.0,0.0,1.7142857142857142,1.0,2,0,8,0.0
2024-08-15,Ph01_Z01_C01,8.69957E+12,0.0,4.0,3.0,0.0,1.2857142857142858,1.0,3,0,8,2.0
2024-08-16,Ph01_Z01_C01,8.69957E+12,2.0,0.0,0.0,0.0,1.5714285714285714,1.1428571428571428,4,0,8,3.0
2024-08-17,Ph01_Z01_C01,8.69957E+12,3.0,2.0,3.0,0.0,1.5714285714285714,1.3571428571428572,5,1,8,0.0
2024-08-18,Ph01_Z01_C01,8.69957E+12,0.0,3.0,1.0,1.0,1.4285714285714286,1.2857142857142858,6,1,8,0.0
2024-08-19,Ph01_Z01_C01,8.69957E+12,0.0,0.0,1.0,0.0,1.2857142857142858,1.2857142857142858,0,0,8,0.0
2024-08-20,Ph01_Z01_C01,8.69957E+12,0.0,0.0,0.0,1.0,1.2857142857142858,1.2142857142857142,1,0,8,0.0
2024-08-21,Ph01_Z01_C01,8.69957E+12,0.0,0.0,4.0,0.0,0.7142857142857143,1.2142857142857142,2,0,8,1.0
2024-08-22,Ph01_Z01_C01,8.69957E+12,1.0,0.0,0.0,3.0,0.8571428571428571,1.0714285714285714,3,0,8,1.0
2024-08-23,Ph01_Z01_C01,8.69957E+12,1.0,1.0,2.0,0.0,0.7142857142857143,1.1428571428571428,4,0,8,2.0
2024-08-24,Ph01_Z01_C01,8.69957E+12,2.0,1.0,3.0,3.0,0.5714285714285714,1.0714285714285714,5,1,8,0.0
2024-08-25,Ph01_Z01_C01,8.69957E+12,0.0,2.0,0.0,1.0,0.5714285714285714,1.0,6,1,8,2.0
2024-08-26,Ph01_Z01_C01,8.69957E+12,2.0,0.0,0.0,1.0,0.8571428571428571,1.0714285714285714,0,0,8,2.0
2024-08-27,Ph01_Z01_C01,8.69957E+12,2.0,2.0,0.0,0.0,1.1428571428571428,1.2142857142857142,1,0,8,0.0
2024-08-28,Ph01_Z01_C01,8.69957E+12,0.0,2.0,0.0,4.0,1.1428571428571428,0.9285714285714286,2,0,8,2.0
2024-08-29,Ph01_Z01_C01,8.69957E+12,2.0,0.0,1.0,0.0,1.2857142857142858,1.0714285714285714,3,0,8,3.0
2024-08-30,Ph01_Z01_C01,8.69957E+12,3.0,2.0,1.0,2.0,1.5714285714285714,1.1428571428571428,4,0,8,0.0
2024-08-31,Ph01_Z01_C01,8.69957E+12,0.0,3.0,2.0,3.0,1.2857142857142858,0.9285714285714286,5,1,8,1.0
2024-09-01,Ph01_Z01_C01,8.69957E+12,1.0,0.0,0.0,0.0,1.4285714285714286,1.0,6,1,9,2.0
2024-09-02,Ph01_Z01_C01,8.69957E+12,2.0,1.0,2.0,0.0,1.4285714285714286,1.1428571428571428,0,0,9,0.0
2024-09-03,Ph01_Z01_C01,8.69957E+12,0.0,2.0,2.0,0.0,1.1428571428571428,1.1428571428571428,1,0,9,0.0
2024-09-04,Ph01_Z01_C01,8.69957E+12,0.0,0.0,0.0,0.0,1.1428571428571428,1.1428571428571428,2,0,9,0.0
2024-09-05,Ph01_Z01_C01,8.69957E+12,0.0,0.0,2.0,1.0,0.8571428571428571,1.0714285714285714,3,0,9,1.0
2024-09-06,Ph01_Z01_C01,8.69957E+12,1.0,0.0,3.0,1.0,0.5714285714285714,1.0714285714285714,4,0,9,1.0
2024-09-07,Ph01_Z01_C01,8.69957E+12,1.0,1.0,0.0,2.0,0.7142857142857143,1.0,5,1,9,0.0
2024-09-08,Ph01_Z01_C01,8.69957E+12,0.0,1.0,1.0,0.0,0.5714285714285714,1.0,6,1,9,4.0
2024-09-09,Ph01_Z01_C01,8.69957E+12,4.0,0.0,2.0,2.0,0.8571428571428571,1.1428571428571428,0,0,9,1.0
2024-09-10,Ph01_Z01_C01,8.69957E+12,1.0,4.0,0.0,2.0,1.0,1.0714285714285714,1,0,9,3.0
2024-09-11,Ph01_Z01_C01,8.69957E+12,3.0,1.0,0.0,0.0,1.4285714285714286,1.2857142857142858,2,0,9,3.0
2024-09-12,Ph01_Z01_C01,8.69957E+12,3.0,3.0,0.0,2.0,1.8571428571428572,1.3571428571428572,3,0,9,2.0
2024-09-13,Ph01_Z01_C01,8.69957E+12,2.0,3.0,1.0,3.0,2.0,1.2857142857142858,4,0,9,2.0
2024-09-14,Ph01_Z01_C01,8.69957E+12,2.0,2.0,1.0,0.0,2.142857142857143,1.4285714285714286,5,1,9,1.0
2024-09-15,Ph01_Z01_C01,8.69957E+12,1.0,2.0,0.0,1.0,2.2857142857142856,1.4285714285714286,6,1,9,2.0
2024-09-16,Ph01_Z01_C01,8.69957E+12,2.0,1.0,4.0,2.0,2.0,1.4285714285714286,0,0,9,1.0
2024-09-17,Ph01_Z01_C01,8.69957E+12,1.0,2.0,1.0,0.0,2.0,1.5,1,0,9,1.0
2024-09-18,Ph01_Z01_C01,8.69957E+12,1.0,1.0,3.0,0.0,1.7142857142857142,1.5714285714285714,2,0,9,0.0
2024-09-19,Ph01_Z01_C01,8.69957E+12,0.0,1.0,3.0,0.0,1.2857142857142858,1.5714285714285714,3,0,9,1.0
2024-09-20,Ph01_Z01_C01,8.69957E+12,1.0,0.0,2.0,1.0,1.1428571428571428,1.5714285714285714,4,0,9,0.0
2024-09-21,Ph01_Z01_C01,8.69957E+12,0.0,1.0,2.0,1.0,0.8571428571428571,1.5,5,1,9,2.0
2024-09-22,Ph01_Z01_C01,8.69957E+12,2.0,0.0,1.0,0.0,1.0,1.6428571428571428,6,1,9,2.0
2024-09-23,Ph01_Z01_C01,8.69957E+12,2.0,2.0,2.0,4.0,1.0,1.5,0,0,9,0.0
2024-09-24,Ph01_Z01_C01,8.69957E+12,0.0,2.0,1.0,1.0,0.8571428571428571,1.4285714285714286,1,0,9,1.0
2024-09-25,Ph01_Z01_C01,8.69957E+12,1.0,0.0,1.0,3.0,0.8571428571428571,1.2857142857142858,2,0,9,0.0
2024-09-26,Ph01_Z01_C01,8.69957E+12,0.0,1.0,0.0,3.0,0.8571428571428571,1.0714285714285714,3,0,9,2.0
2024-09-27,Ph01_Z01_C01,8.69957E+12,2.0,0.0,1.0,2.0,1.0,1.0714285714285714,4,0,9,0.0
2024-09-28,Ph01_Z01_C01,8.69957E+12,0.0,2.0,0.0,2.0,1.0,0.9285714285714286,5,1,9,2.0
2024-09-29,Ph01_Z01_C01,8.69957E+12,2.0,0.0,2.0,1.0,1.0,1.0,6,1,9,1.0
2024-09-30,Ph01_Z01_C01,8.69957E+12,1.0,2.0,2.0,2.0,0.8571428571428571,0.9285714285714286,0,0,9,1.0
2024-10-01,Ph01_Z01_C01,8.69957E+12,1.0,1.0,0.0,1.0,1.0,0.9285714285714286,1,0,10,2.0
2024-10-02,Ph01_Z01_C01,8.69957E+12,2.0,1.0,1.0,1.0,1.1428571428571428,1.0,2,0,10,0.0
2024-10-03,Ph01_Z01_C01,8.69957E+12,0.0,2.0,0.0,0.0,1.1428571428571428,1.0,3,0,10,1.0
2024-10-04,Ph01_Z01_C01,8.69957E+12,1.0,0.0,2.0,1.0,1.0,1.0,4,0,10,2.0
2024-10-05,Ph01_Z01_C01,8.69957E+12,2.0,1.0,0.0,0.0,1.2857142857142858,1.1428571428571428,5,1,10,2.0
2024-10-06,Ph01_Z01_C01,8.69957E+12,2.0,2.0,2.0,2.0,1.2857142857142858,1.1428571428571428,6,1,10,0.0
2024-10-07,Ph01_Z01_C01,8.69957E+12,0.0,2.0,1.0,2.0,1.1428571428571428,1.0,0,0,10,2.0
2024-10-08,Ph01_Z01_C01,8.69957E+12,2.0,0.0,1.0,0.0,1.2857142857142858,1.1428571428571428,1,0,10,0.0
2024-10-09,Ph01_Z01_C01,8.69957E+12,0.0,2.0,2.0,1.0,1.0,1.0714285714285714,2,0,10,1.0
2024-10-10,Ph01_Z01_C01,8.69957E+12,1.0,0.0,0.0,0.0,1.1428571428571428,1.1428571428571428,3,0,10,0.0
2024-10-11,Ph01_Z01_C01,8.69957E+12,0.0,1.0,1.0,2.0,1.0,1.0,4,0,10,0.0
2024-10-12,Ph01_Z01_C01,8.69957E+12,0.0,0.0,2.0,0.0,0.7142857142857143,1.0,5,1,10,0.0
2024-10-13,Ph01_Z01_C01,8.69957E+12,0.0,0.0,2.0,2.0,0.42857142857142855,0.8571428571428571,6,1,10,3.0
2024-10-14,Ph01_Z01_C01,8.69957E+12,3.0,0.0,0.0,1.0,0.8571428571428571,1.0,0,0,10,1.0
2024-10-15,Ph01_Z01_C01,8.69957E+12,1.0,3.0,2.0,1.0,0.7142857142857143,1.0,1,0,10,1.0
2024-10-16,Ph01_Z01_C01,8.69957E+12,1.0,1.0,0.0,2.0,0.8571428571428571,0.9285714285714286,2,0,10,3.0
2024-10-17,Ph01_Z01_C01,8.69957E+12,3.0,1.0,1.0,0.0,1.1428571428571428,1.1428571428571428,3,0,10,0.0
2024-10-18,Ph01_Z01_C01,8.69957E+12,0.0,3.0,0.0,1.0,1.1428571428571428,1.0714285714285714,4,0,10,2.0
2024-10-19,Ph01_Z01_C01,8.69957E+12,2.0,0.0,0.0,2.0,1.4285714285714286,1.0714285714285714,5,1,10,1.0
2024-10-20,Ph01_Z01_C01,8.69957E+12,1.0,2.0,0.0,2.0,1.5714285714285714,1.0,6,1,10,2.0
2024-10-21,Ph01_Z01_C01,8.69957E+12,2.0,1.0,3.0,0.0,1.4285714285714286,1.1428571428571428,0,0,10,3.0
2024-10-22,Ph01_Z01_C01,8.69957E+12,3.0,2.0,1.0,2.0,1.7142857142857142,1.2142857142857142,1,0,10,1.0
2024-10-23,Ph01_Z01_C01,8.69957E+12,1.0,3.0,1.0,0.0,1.7142857142857142,1.2857142857142858,2,0,10,0.0
2024-10-24,Ph01_Z01_C01,8.69957E+12,0.0,1.0,3.0,1.0,1.2857142857142858,1.2142857142857142,3,0,10,1.0
2024-10-25,Ph01_Z01_C01,8.69957E+12,1.0,0.0,0.0,0.0,1.4285714285714286,1.2857142857142858,4,0,10,0.0
2024-10-26,Ph01_Z01_C01,8.69957E+12,0.0,1.0,2.0,0.0,1.1428571428571428,1.2857142857142858,5,1,10,3.0
2024-10-27,Ph01_Z01_C01,8.69957E+12,3.0,0.0,1.0,0.0,1.4285714285714286,1.5,6,1,10,1.0
2024-10-28,Ph01_Z01_C01,8.69957E+12,1.0,3.0,2.0,3.0,1.2857142857142858,1.3571428571428572,0,0,10,1.0
2024-10-29,Ph01_Z01_C01,8.69957E+12,1.0,1.0,3.0,1.0,1.0,1.3571428571428572,1,0,10,1.0
2024-10-30,Ph01_Z01_C01,8.69957E+12,1.0,1.0,1.0,1.0,1.0,1.3571428571428572,2,0,10,4.0
2024-10-31,Ph01_Z01_C01,8.69957E+12,4.0,1.0,0.0,3.0,1.5714285714285714,1.4285714285714286,3,0,10,1.0
2024-01-01,Ph01_Z01_C01,8.90111E+12,1.0,0.0,0.0,0.0,1.0,1.0,0,0,1,0.0
2024-01-02,Ph01_Z01_C01,8.90111E+12,0.0,1.0,0.0,0.0,0.5,0.5,1,0,1,1.0
2024-01-03,Ph01_Z01_C01,8.90111E+12,1.0,0.0,0.0,0.0,0.6666666666666666,0.6666666666666666,2,0,1,1.0
2024-01-04,Ph01_Z01_C01,8.90111E+12,1.0,1.0,0.0,0.0,0.75,0.75,3,0,1,1.0
2024-01-05,Ph01_Z01_C01,8.90111E+12,1.0,1.0,0.0,0.0,0.8,0.8,4,0,1,0.0
2024-01-06,Ph01_Z01_C01,8.90111E+12,0.0,1.0,0.0,0.0,0.6666666666666666,0.6666666666666666,5,1,1,0.0
2024-01-07,Ph01_Z01_C01,8.90111E+12,0.0,0.0,0.0,0.0,0.5714285714285714,0.5714285714285714,6,1,1,0.0
2024-01-08,Ph01_Z01_C01,8.90111E+12,0.0,0.0,1.0,0.0,0.42857142857142855,0.5,0,0,1,4.0
2024-01-09,Ph01_Z01_C01,8.90111E+12,4.0,0.0,0.0,0.0,1.0,0.8888888888888888,1,0,1,2.0
2024-01-10,Ph01_Z01_C01,8.90111E+12,2.0,4.0,1.0,0.0,1.1428571428571428,1.0,2,0,1,0.0
2024-01-11,Ph01_Z01_C01,8.90111E+12,0.0,2.0,1.0,0.0,1.0,0.9090909090909091,3,0,1,3.0
2024-01-12,Ph01_Z01_C01,8.90111E+12,3.0,0.0,1.0,0.0,1.2857142857142858,1.0833333333333333,4,0,1,4.0
2024-01-13,Ph01_Z01_C01,8.90111E+12,4.0,3.0,0.0,0.0,1.8571428571428572,1.3076923076923077,5,1,1,2.0
2024-01-14,Ph01_Z01_C01,8.90111E+12,2.0,4.0,0.0,0.0,2.142857142857143,1.3571428571428572,6,1,1,0.0
2024-01-15,Ph01_Z01_C01,8.90111E+12,0.0,2.0,0.0,1.0,2.142857142857143,1.2857142857142858,0,0,1,1.0
2024-01-16,Ph01_Z01_C01,8.90111E+12,1.0,0.0,4.0,0.0,1.7142857142857142,1.3571428571428572,1,0,1,1.0
2024-01-17,Ph01_Z01_C01,8.90111E+12,1.0,1.0,2.0,1.0,1.5714285714285714,1.3571428571428572,2,0,1,0.0
2024-01-18,Ph01_Z01_C01,8.90111E+12,0.0,1.0,0.0,1.0,1.5714285714285714,1.2857142857142858,3,0,1,2.0
2024-01-19,Ph01_Z01_C01,8.90111E+12,2.0,0.0,3.0,1.0,1.4285714285714286,1.3571428571428572,4,0,1,1.0
2024-01-20,Ph01_Z01_C01,8.90111E+12,1.0,2.0,4.0,0.0,1.0,1.4285714285714286,5,1,1,8.0
2024-01-21,Ph01_Z01_C01,8.90111E+12,8.0,1.0,2.0,0.0,1.8571428571428572,2.0,6,1,1,3.0
2024-01-22,Ph01_Z01_C01,8.90111E+12,3.0,8.0,0.0,0.0,2.2857142857142856,2.2142857142857144,0,0,1,0.0
2024-01-23,Ph01_Z01_C01,8.90111E+12,0.0,3.0,1.0,4.0,2.142857142857143,1.9285714285714286,1,0,1,3.0
2024-01-24,Ph01_Z01_C01,8.90111E+12,3.0,0.0,1.0,2.0,2.4285714285714284,2.0,2,0,1,0.0
2024-01-25,Ph01_Z01_C01,8.90111E+12,0.0,3.0,0.0,0.0,2.4285714285714284,2.0,3,0,1,2.0
2024-01-26,Ph01_Z01_C01,8.90111E+12,2.0,0.0,2.0,3.0,2.4285714285714284,1.9285714285714286,4,0,1,0.0
2024-01-27,Ph01_Z01_C01,8.90111E+12,0.0,2.0,1.0,4.0,2.2857142857142856,1.6428571428571428,5,1,1,1.0
2024-01-28,Ph01_Z01_C01,8.90111E+12,1.0,0.0,8.0,2.0,1.2857142857142858,1.5714285714285714,6,1,1,2.0
2024-01-29,Ph01_Z01_C01,8.90111E+12,2.0,1.0,3.0,0.0,1.1428571428571428,1.7142857142857142,0,0,1,2.0
2024-01-30,Ph01_Z01_C01,8.90111E+12,2.0,2.0,0.0,1.0,1.4285714285714286,1.7857142857142858,1,0,1,0.0
2024-01-31,Ph01_Z01_C01,8.90111E+12,0.0,2.0,3.0,1.0,1.0,1.7142857142857142,2,0,1,3.0
2024-02-01,Ph01_Z01_C01,8.90111E+12,3.0,0.0,0.0,0.0,1.4285714285714286,1.9285714285714286,3,0,2,1.0
2024-02-02,Ph01_Z01_C01,8.90111E+12,1.0,3.0,2.0,2.0,1.2857142857142858,1.8571428571428572,4,0,2,1.0
2024-02-03,Ph01_Z01_C01,8.90111E+12,1.0,1.0,0.0,1.0,1.4285714285714286,1.8571428571428572,5,1,2,1.0
2024-02-04,Ph01_Z01_C01,8.90111E+12,1.0,1.0,1.0,8.0,1.4285714285714286,1.3571428571428572,6,1,2,1.0
2024-02-05,Ph01_Z01_C01,8.90111E+12,1.0,1.0,2.0,3.0,1.2857142857142858,1.2142857142857142,0,0,2,1.0
2024-02-06,Ph01_Z01_C01,8.90111E+12,1.0,1.0,2.0,0.0,1.1428571428571428,1.2857142857142858,1,0,2,0.0
2024-02-07,Ph01_Z01_C01,8.90111E+12,0.0,1.0,0.0,3.0,1.1428571428571428,1.0714285714285714,2,0,2,2.0
2024-02-08,Ph01_Z01_C01,8.90111E+12,2.0,0.0,3.0,0.0,1.0,1.2142857142857142,3,0,2,0.0
2024-02-09,Ph01_Z01_C01,8.90111E+12,0.0,2.0,1.0,2.0,0.8571428571428571,1.0714285714285714,4,0,2,0.0
2024-02-10,Ph01_Z01_C01,8.90111E+12,0.0,0.0,1.0,0.0,0.7142857142857143,1.0714285714285714,5,1,2,3.0
2024-02-11,Ph01_Z01_C01,8.90111E+12,3.0,0.0,1.0,1.0,1.0,1.2142857142857142,6,1,2,0.0
2024-02-12,Ph01_Z01_C01,8.90111E+12,0.0,3.0,1.0,2.0,0.8571428571428571,1.0714285714285714,0,0,2,4.0
2024-02-13,Ph01_Z01_C01,8.90111E+12,4.0,0.0,1.0,2.0,1.2857142857142858,1.2142857142857142,1,0,2,1.0
2024-02-14,Ph01_Z01_C01,8.90111E+12,1.0,4.0,0.0,0.0,1.4285714285714286,1.2857142857142858,2,0,2,0.0
2024-02-15,Ph01_Z01_C01,8.90111E+12,0.0,1.0,2.0,3.0,1.1428571428571428,1.0714285714285714,3,0,2,1.0
2024-02-16,Ph01_Z01_C01,8.90111E+12,1.0,0.0,0.0,1.0,1.2857142857142858,1.0714285714285714,4,0,2,1.0
2024-02-17,Ph01_Z01_C01,8.90111E+12,1.0,1.0,0.0,1.0,1.4285714285714286,1.0714285714285714,5,1,2,3.0
2024-02-18,Ph01_Z01_C01,8.90111E+12,3.0,1.0,3.0,1.0,1.4285714285714286,1.2142857142857142,6,1,2,0.0
2024-02-19,Ph01_Z01_C01,8.90111E+12,0.0,3.0,0.0,1.0,1.4285714285714286,1.1428571428571428,0,0,2,2.0
2024-02-20,Ph01_Z01_C01,8.90111E+12,2.0,0.0,4.0,1.0,1.1428571428571428,1.2142857142857142,1,0,2,1.0
2024-02-21,Ph01_Z01_C01,8.90111E+12,1.0,2.0,1.0,0.0,1.1428571428571428,1.2857142857142858,2,0,2,0.0
2024-02-22,Ph01_Z01_C01,8.90111E+12,0.0,1.0,0.0,2.0,1.1428571428571428,1.1428571428571428,3,0,2,1.0
2024-02-23,Ph01_Z01_C01,8.90111E+12,1.0,0.0,1.0,0.0,1.1428571428571428,1.2142857142857142,4,0,2,0.0
2024-02-24,Ph01_Z01_C01,8.90111E+12,0.0,1.0,1.0,0.0,1.0,1.2142857142857142,5,1,2,0.0
2024-02-25,Ph01_Z01_C01,8.90111E+12,0.0,0.0,3.0,3.0,0.5714285714285714,1.0,6,1,2,3.0
2024-02-26,Ph01_Z01_C01,8.90111E+12,3.0,0.0,0.0,0.0,1.0,1.2142857142857142,0,0,2,2.0
2024-02-27,Ph01_Z01_C01,8.90111E+12,2.0,3.0,2.0,4.0,1.0,1.0714285714285714,1,0,2,0.0
2024-02-28,Ph01_Z01_C01,8.90111E+12,0.0,2.0,1.0,1.0,0.8571428571428571,1.0,2,0,2,4.0
2024-02-29,Ph01_Z01_C01,8.90111E+12,4.0,0.0,0.0,0.0,1.4285714285714286,1.2857142857142858,3,0,2,0.0
2024-03-01,Ph01_Z01_C01,8.90111E+12,0.0,4.0,1.0,1.0,1.2857142857142858,1.2142857142857142,4,0,3,1.0
2024-03-02,Ph01_Z01_C01,8.90111E+12,1.0,0.0,0.0,1.0,1.4285714285714286,1.2142857142857142,5,1,3,0.0
2024-03-03,Ph01_Z01_C01,8.90111E+12,0.0,1.0,0.0,3.0,1.4285714285714286,1.0,6,1,3,2.0
2024-03-04,Ph01_Z01_C01,8.90111E+12,2.0,0.0,3.0,0.0,1.2857142857142858,1.1428571428571428,0,0,3,4.0
2024-03-05,Ph01_Z01_C01,8.90111E+12,4.0,2.0,2.0,2.0,1.5714285714285714,1.2857142857142858,1,0,3,2.0
2024-03-06,Ph01_Z01_C01,8.90111E+12,2.0,4.0,0.0,1.0,1.8571428571428572,1.3571428571428572,2,0,3,1.0
2024-03-07,Ph01_Z01_C01,8.90111E+12,1.0,2.0,4.0,0.0,1.4285714285714286,1.4285714285714286,3,0,3,2.0
2024-03-08,Ph01_Z01_C01,8.90111E+12,2.0,1.0,0.0,1.0,1.7142857142857142,1.5,4,0,3,1.0
2024-03-09,Ph01_Z01_C01,8.90111E+12,1.0,2.0,1.0,0.0,1.7142857142857142,1.5714285714285714,5,1,3,0.0
2024-03-10,Ph01_Z01_C01,8.90111E+12,0.0,1.0,0.0,0.0,1.7142857142857142,1.5714285714285714,6,1,3,6.0
2024-03-11,Ph01_Z01_C01,8.90111E+12,6.0,0.0,2.0,3.0,2.2857142857142856,1.7857142857142858,0,0,3,9.0
2024-03-12,Ph01_Z01_C01,8.90111E+12,9.0,6.0,4.0,2.0,3.0,2.2857142857142856,1,0,3,3.0
2024-03-13,Ph01_Z01_C01,8.90111E+12,3.0,9.0,2.0,0.0,3.142857142857143,2.5,2,0,3,8.0
2024-03-14,Ph01_Z01_C01,8.90111E+12,8.0,3.0,1.0,4.0,4.142857142857143,2.7857142857142856,3,0,3,0.0
2024-03-15,Ph01_Z01_C01,8.90111E+12,0.0,8.0,2.0,0.0,3.857142857142857,2.7857142857142856,4,0,3,1.0
2024-03-16,Ph01_Z01_C01,8.90111E+12,1.0,0.0,1.0,1.0,3.857142857142857,2.7857142857142856,5,1,3,0.0
2024-03-17,Ph01_Z01_C01,8.90111E+12,0.0,1.0,0.0,0.0,3.857142857142857,2.7857142857142856,6,1,3,1.0
2024-03-18,Ph01_Z01_C01,8.90111E+12,1.0,0.0,6.0,2.0,3.142857142857143,2.7142857142857144,0,0,3,2.0
2024-03-19,Ph01_Z01_C01,8.90111E+12,2.0,1.0,9.0,4.0,2.142857142857143,2.5714285714285716,1,0,3,2.0
2024-03-20,Ph01_Z01_C01,8.90111E+12,2.0,2.0,3.0,2.0,2.0,2.5714285714285716,2,0,3,2.0
2024-03-21,Ph01_Z01_C01,8.90111E+12,2.0,2.0,8.0,1.0,1.1428571428571428,2.642857142857143,3,0,3,2.0
2024-03-22,Ph01_Z01_C01,8.90111E+12,2.0,2.0,0.0,2.0,1.4285714285714286,2.642857142857143,4,0,3,5.0
2024-03-23,Ph01_Z01_C01,8.90111E+12,5.0,2.0,1.0,1.0,2.0,2.9285714285714284,5,1,3,0.0
2024-03-24,Ph01_Z01_C01,8.90111E+12,0.0,5.0,0.0,0.0,2.0,2.9285714285714284,6,1,3,0.0
2024-03-25,Ph01_Z01_C01,8.90111E+12,0.0,0.0,1.0,6.0,1.8571428571428572,2.5,0,0,3,1.0
2024-03-26,Ph01_Z01_C01,8.90111E+12,1.0,0.0,2.0,9.0,1.7142857142857142,1.9285714285714286,1,0,3,2.0
2024-03-27,Ph01_Z01_C01,8.90111E+12,2.0,1.0,2.0,3.0,1.7142857142857142,1.8571428571428572,2,0,3,3.0
2024-03-28,Ph01_Z01_C01,8.90111E+12,3.0,2.0,2.0,8.0,1.8571428571428572,1.5,3,0,3,3.0
2024-03-29,Ph01_Z01_C01,8.90111E+12,3.0,3.0,2.0,0.0,2.0,1.7142857142857142,4,0,3,2.0
2024-03-30,Ph01_Z01_C01,8.90111E+12,2.0,3.0,5.0,1.0,1.5714285714285714,1.7857142857142858,5,1,3,2.0
2024-03-31,Ph01_Z01_C01,8.90111E+12,2.0,2.0,0.0,0.0,1.8571428571428572,1.9285714285714286,6,1,3,1.0
2024-04-01,Ph01_Z01_C01,8.90111E+12,1.0,2.0,0.0,1.0,2.0,1.9285714285714286,0,0,4,5.0
2024-04-02,Ph01_Z01_C01,8.90111E+12,5.0,1.0,1.0,2.0,2.5714285714285716,2.142857142857143,1,0,4,4.0
2024-04-03,Ph01_Z01_C01,8.90111E+12,4.0,5.0,2.0,2.0,2.857142857142857,2.2857142857142856,2,0,4,2.0
2024-04-04,Ph01_Z01_C01,8.90111E+12,2.0,4.0,3.0,2.0,2.7142857142857144,2.2857142857142856,3,0,4,1.0
2024-04-05,Ph01_Z01_C01,8.90111E+12,1.0,2.0,3.0,2.0,2.4285714285714284,2.2142857142857144,4,0,4,3.0
2024-04-06,Ph01_Z01_C01,8.90111E+12,3.0,1.0,2.0,5.0,2.5714285714285716,2.0714285714285716,5,1,4,2.0
2024-04-07,Ph01_Z01_C01,8.90111E+12,2.0,3.0,2.0,0.0,2.5714285714285716,2.2142857142857144,6,1,4,1.0
2024-04-08,Ph01_Z01_C01,8.90111E+12,1.0,2.0,1.0,0.0,2.5714285714285716,2.2857142857142856,0,0,4,0.0
2024-04-09,Ph01_Z01_C01,8.90111E+12,0.0,1.0,5.0,1.0,1.8571428571428572,2.2142857142857144,1,0,4,1.0
2024-04-10,Ph01_Z01_C01,8.90111E+12,1.0,0.0,4.0,2.0,1.4285714285714286,2.142857142857143,2,0,4,4.0
2024-04-11,Ph01_Z01_C01,8.90111E+12,4.0,1.0,2.0,3.0,1.7142857142857142,2.2142857142857144,3,0,4,1.0
2024-04-12,Ph01_Z01_C01,8.90111E+12,1.0,4.0,1.0,3.0,1.7142857142857142,2.0714285714285716,4,0,4,2.0
2024-04-13,Ph01_Z01_C01,8.90111E+12,2.0,1.0,3.0,2.0,1.5714285714285714,2.0714285714285716,5,1,4,1.0
2024-04-14,Ph01_Z01_C01,8.90111E+12,1.0,2.0,2.0,2.0,1.4285714285714286,2.0,6,1,4,2.0
2024-04-15,Ph01_Z01_C01,8.90111E+12,2.0,1.0,1.0,1.0,1.5714285714285714,2.0714285714285716,0,0,4,3.0
2024-04-16,Ph01_Z01_C01,8.90111E+12,3.0,2.0,0.0,5.0,2.0,1.9285714285714286,1,0,4,1.0
2024-04-17,Ph01_Z01_C01,8.90111E+12,1.0,3.0,1.0,4.0,2.0,1.7142857142857142,2,0,4,1.0
2024-04-18,Ph01_Z01_C01,8.90111E+12,1.0,1.0,4.0,2.0,1.5714285714285714,1.6428571428571428,3,0,4,1.0
2024-04-19,Ph01_Z01_C01,8.90111E+12,1.0,1.0,1.0,1.0,1.5714285714285714,1.6428571428571428,4,0,4,2.0
2024-04-20,Ph01_Z01_C01,8.90111E+12,2.0,1.0,2.0,3.0,1.5714285714285714,1.5714285714285714,5,1,4,0.0
2024-04-21,Ph01_Z01_C01,8.90111E+12,0.0,2.0,1.0,2.0,1.4285714285714286,1.4285714285714286,6,1,4,2.0
2024-04-22,Ph01_Z01_C01,8.90111E+12,2.0,0.0,2.0,1.0,1.4285714285714286,1.5,0,0,4,3.0
2024-04-23,Ph01_Z01_C01,8.90111E+12,3.0,2.0,3.0,0.0,1.4285714285714286,1.7142857142857142,1,0,4,2.0
2024-04-24,Ph01_Z01_C01,8.90111E+12,2.0,3.0,1.0,1.0,1.5714285714285714,1.7857142857142858,2,0,4,1.0
2024-04-25,Ph01_Z01_C01,8.90111E+12,1.0,2.0,1.0,4.0,1.5714285714285714,1.5714285714285714,3,0,4,0.0
2024-04-26,Ph01_Z01_C01,8.90111E+12,0.0,1.0,1.0,1.0,1.4285714285714286,1.5,4,0,4,3.0
2024-04-27,Ph01_Z01_C01,8.90111E+12,3.0,0.0,2.0,2.0,1.5714285714285714,1.5714285714285714,5,1,4,0.0
2024-04-28,Ph01_Z01_C01,8.90111E+12,0.0,3.0,0.0,1.0,1.5714285714285714,1.5,6,1,4,2.0
2024-04-29,Ph01_Z01_C01,8.90111E+12,2.0,0.0,2.0,2.0,1.5714285714285714,1.5,0,0,4,0.0
2024-04-30,Ph01_Z01_C01,8.90111E+12,0.0,2.0,3.0,3.0,1.1428571428571428,1.2857142857142858,1,0,4,1.0
2024-05-01,Ph01_Z01_C01,8.90111E+12,1.0,0.0,2.0,1.0,1.0,1.2857142857142858,2,0,5,2.0
2024-05-02,Ph01_Z01_C01,8.90111E+12,2.0,1.0,1.0,1.0,1.1428571428571428,1.3571428571428572,3,0,5,3.0
2024-05-03,Ph01_Z01_C01,8.90111E+12,3.0,2.0,0.0,1.0,1.5714285714285714,1.5,4,0,5,1.0
2024-05-04,Ph01_Z01_C01,8.90111E+12,1.0,3.0,3.0,2.0,1.2857142857142858,1.4285714285714286,5,1,5,5.0
2024-05-05,Ph01_Z01_C01,8.90111E+12,5.0,1.0,0.0,0.0,2.0,1.7857142857142858,6,1,5,8.0
2024-05-06,Ph01_Z01_C01,8.90111E+12,8.0,5.0,2.0,2.0,2.857142857142857,2.2142857142857144,0,0,5,1.0
2024-05-07,Ph01_Z01_C01,8.90111E+12,1.0,8.0,0.0,3.0,3.0,2.0714285714285716,1,0,5,2.0
2024-05-08,Ph01_Z01_C01,8.90111E+12,2.0,1.0,1.0,2.0,3.142857142857143,2.0714285714285716,2,0,5,2.0
2024-05-09,Ph01_Z01_C01,8.90111E+12,2.0,2.0,2.0,1.0,3.142857142857143,2.142857142857143,3,0,5,0.0
2024-05-10,Ph01_Z01_C01,8.90111E+12,0.0,2.0,3.0,0.0,2.7142857142857144,2.142857142857143,4,0,5,0.0
2024-05-11,Ph01_Z01_C01,8.90111E+12,0.0,0.0,1.0,3.0,2.5714285714285716,1.9285714285714286,5,1,5,3.0
2024-05-12,Ph01_Z01_C01,8.90111E+12,3.0,0.0,5.0,0.0,2.2857142857142856,2.142857142857143,6,1,5,0.0
2024-05-13,Ph01_Z01_C01,8.90111E+12,0.0,3.0,8.0,2.0,1.1428571428571428,2.0,0,0,5,1.0
2024-05-14,Ph01_Z01_C01,8.90111E+12,1.0,0.0,1.0,0.0,1.1428571428571428,2.0714285714285716,1,0,5,1.0
2024-05-15,Ph01_Z01_C01,8.90111E+12,1.0,1.0,2.0,1.0,1.0,2.0714285714285716,2,0,5,1.0
2024-05-16,Ph01_Z01_C01,8.90111E+12,1.0,1.0,2.0,2.0,0.8571428571428571,2.0,3,0,5,9.0
2024-05-17,Ph01_Z01_C01,8.90111E+12,9.0,1.0,0.0,3.0,2.142857142857143,2.4285714285714284,4,0,5,2.0
2024-05-18,Ph01_Z01_C01,8.90111E+12,2.0,9.0,0.0,1.0,2.4285714285714284,2.5,5,1,5,2.0
2024-05-19,Ph01_Z01_C01,8.90111E+12,2.0,2.0,3.0,5.0,2.2857142857142856,2.2857142857142856,6,1,5,3.0
2024-05-20,Ph01_Z01_C01,8.90111E+12,3.0,2.0,0.0,8.0,2.7142857142857144,1.9285714285714286,0,0,5,1.0
2024-05-21,Ph01_Z01_C01,8.90111E+12,1.0,3.0,1.0,1.0,2.7142857142857144,1.9285714285714286,1,0,5,1.0
2024-05-22,Ph01_Z01_C01,8.90111E+12,1.0,1.0,1.0,2.0,2.7142857142857144,1.8571428571428572,2,0,5,4.0
2024-05-23,Ph01_Z01_C01,8.90111E+12,4.0,1.0,1.0,2.0,3.142857142857143,2.0,3,0,5,0.0
2024-05-24,Ph01_Z01_C01,8.90111E+12,0.0,4.0,9.0,0.0,1.8571428571428572,2.0,4,0,5,3.0
2024-05-25,Ph01_Z01_C01,8.90111E+12,3.0,0.0,2.0,0.0,2.0,2.2142857142857144,5,1,5,0.0
2024-05-26,Ph01_Z01_C01,8.90111E+12,0.0,3.0,2.0,3.0,1.7142857142857142,2.0,6,1,5,3.0
2024-05-27,Ph01_Z01_C01,8.90111E+12,3.0,0.0,3.0,0.0,1.7142857142857142,2.2142857142857144,0,0,5,3.0
2024-05-28,Ph01_Z01_C01,8.90111E+12,3.0,3.0,1.0,1.0,2.0,2.357142857142857,1,0,5,1.0
2024-05-29,Ph01_Z01_C01,8.90111E+12,1.0,3.0,1.0,1.0,2.0,2.357142857142857,2,0,5,0.0
2024-05-30,Ph01_Z01_C01,8.90111E+12,0.0,1.0,4.0,1.0,1.4285714285714286,2.2857142857142856,3,0,5,3.0
2024-05-31,Ph01_Z01_C01,8.90111E+12,3.0,0.0,0.0,9.0,1.8571428571428572,1.8571428571428572,4,0,5,4.0
2024-06-01,Ph01_Z01_C01,8.90111E+12,4.0,3.0,3.0,2.0,2.0,2.0,5,1,6,1.0
2024-06-02,Ph01_Z01_C01,8.90111E+12,1.0,4.0,0.0,2.0,2.142857142857143,1.9285714285714286,6,1,6,1.0
2024-06-03,Ph01_Z01_C01,8.90111E+12,1.0,1.0,3.0,3.0,1.8571428571428572,1.7857142857142858,0,0,6,3.0
2024-06-04,Ph01_Z01_C01,8.90111E+12,3.0,1.0,3.0,1.0,1.8571428571428572,1.9285714285714286,1,0,6,4.0
2024-06-05,Ph01_Z01_C01,8.90111E+12,4.0,3.0,1.0,1.0,2.2857142857142856,2.142857142857143,2,0,6,2.0
2024-06-06,Ph01_Z01_C01,8.90111E+12,2.0,4.0,0.0,4.0,2.5714285714285716,2.0,3,0,6,1.0
2024-06-07,Ph01_Z01_C01,8.90111E+12,1.0,2.0,3.0,0.0,2.2857142857142856,2.0714285714285716,4,0,6,2.0
2024-06-08,Ph01_Z01_C01,8.90111E+12,2.0,1.0,4.0,3.0,2.0,2.0,5,1,6,0.0
2024-06-09,Ph01_Z01_C01,8.90111E+12,0.0,2.0,1.0,0.0,1.8571428571428572,2.0,6,1,6,2.0
2024-06-10,Ph01_Z01_C01,8.90111E+12,2.0,0.0,1.0,3.0,2.0,1.9285714285714286,0,0,6,0.0
2024-06-11,Ph01_Z01_C01,8.90111E+12,0.0,2.0,3.0,3.0,1.5714285714285714,1.7142857142857142,1,0,6,7.0
2024-06-12,Ph01_Z01_C01,8.90111E+12,7.0,0.0,4.0,1.0,2.0,2.142857142857143,2,0,6,0.0
2024-06-13,Ph01_Z01_C01,8.90111E+12,0.0,7.0,2.0,0.0,1.7142857142857142,2.142857142857143,3,0,6,1.0
2024-06-14,Ph01_Z01_C01,8.90111E+12,1.0,0.0,1.0,3.0,1.7142857142857142,2.0,4,0,6,1.0
2024-06-15,Ph01_Z01_C01,8.90111E+12,1.0,1.0,2.0,4.0,1.5714285714285714,1.7857142857142858,5,1,6,3.0
2024-06-16,Ph01_Z01_C01,8.90111E+12,3.0,1.0,0.0,1.0,2.0,1.9285714285714286,6,1,6,3.0
2024-06-17,Ph01_Z01_C01,8.90111E+12,3.0,3.0,2.0,1.0,2.142857142857143,2.0714285714285716,0,0,6,2.0
2024-06-18,Ph01_Z01_C01,8.90111E+12,2.0,3.0,0.0,3.0,2.4285714285714284,2.0,1,0,6,1.0
2024-06-19,Ph01_Z01_C01,8.90111E+12,1.0,2.0,7.0,4.0,1.5714285714285714,1.7857142857142858,2,0,6,5.0
2024-06-20,Ph01_Z01_C01,8.90111E+12,5.0,1.0,0.0,2.0,2.2857142857142856,2.0,3,0,6,6.0
2024-06-21,Ph01_Z01_C01,8.90111E+12,6.0,5.0,1.0,1.0,3.0,2.357142857142857,4,0,6,0.0
2024-06-22,Ph01_Z01_C01,8.90111E+12,0.0,6.0,1.0,2.0,2.857142857142857,2.2142857142857144,5,1,6,0.0
2024-06-23,Ph01_Z01_C01,8.90111E+12,0.0,0.0,3.0,0.0,2.4285714285714284,2.2142857142857144,6,1,6,3.0
2024-06-24,Ph01_Z01_C01,8.90111E+12,3.0,0.0,3.0,2.0,2.4285714285714284,2.2857142857142856,0,0,6,3.0
2024-06-25,Ph01_Z01_C01,8.90111E+12,3.0,3.0,2.0,0.0,2.5714285714285716,2.5,1,0,6,2.0
2024-06-26,Ph01_Z01_C01,8.90111E+12,2.0,3.0,1.0,7.0,2.7142857142857144,2.142857142857143,2,0,6,0.0
2024-06-27,Ph01_Z01_C01,8.90111E+12,0.0,2.0,5.0,0.0,2.0,2.142857142857143,3,0,6,1.0
2024-06-28,Ph01_Z01_C01,8.90111E+12,1.0,0.0,6.0,1.0,1.2857142857142858,2.142857142857143,4,0,6,1.0
2024-06-29,Ph01_Z01_C01,8.90111E+12,1.0,1.0,0.0,1.0,1.4285714285714286,2.142857142857143,5,1,6,2.0
2024-06-30,Ph01_Z01_C01,8.90111E+12,2.0,1.0,0.0,3.0,1.7142857142857142,2.0714285714285716,6,1,6,1.0
2024-07-01,Ph01_Z01_C01,8.90111E+12,1.0,2.0,3.0,3.0,1.4285714285714286,1.9285714285714286,0,0,7,0.0
2024-07-02,Ph01_Z01_C01,8.90111E+12,0.0,1.0,3.0,2.0,1.0,1.7857142857142858,1,0,7,0.0
2024-07-03,Ph01_Z01_C01,8.90111E+12,0.0,0.0,2.0,1.0,0.7142857142857143,1.7142857142857142,2,0,7,0.0
2024-07-04,Ph01_Z01_C01,8.90111E+12,0.0,0.0,0.0,5.0,0.7142857142857143,1.3571428571428572,3,0,7,1.0
2024-07-05,Ph01_Z01_C01,8.90111E+12,1.0,0.0,1.0,6.0,0.7142857142857143,1.0,4,0,7,2.0
2024-07-06,Ph01_Z01_C01,8.90111E+12,2.0,1.0,1.0,0.0,0.8571428571428571,1.1428571428571428,5,1,7,1.0
2024-07-07,Ph01_Z01_C01,8.90111E+12,1.0,2.0,2.0,0.0,0.7142857142857143,1.2142857142857142,6,1,7,1.0
2024-07-08,Ph01_Z01_C01,8.90111E+12,1.0,1.0,1.0,3.0,0.7142857142857143,1.0714285714285714,0,0,7,2.0
2024-07-09,Ph01_Z01_C01,8.90111E+12,2.0,1.0,0.0,3.0,1.0,1.0,1,0,7,0.0
2024-07-10,Ph01_Z01_C01,8.90111E+12,0.0,2.0,0.0,2.0,1.0,0.8571428571428571,2,0,7,3.0
2024-07-11,Ph01_Z01_C01,8.90111E+12,3.0,0.0,0.0,0.0,1.4285714285714286,1.0714285714285714,3,0,7,1.0
2024-07-12,Ph01_Z01_C01,8.90111E+12,1.0,3.0,1.0,1.0,1.4285714285714286,1.0714285714285714,4,0,7,2.0
2024-07-13,Ph01_Z01_C01,8.90111E+12,2.0,1.0,2.0,1.0,1.4285714285714286,1.1428571428571428,5,1,7,3.0
2024-07-14,Ph01_Z01_C01,8.90111E+12,3.0,2.0,1.0,2.0,1.7142857142857142,1.2142857142857142,6,1,7,3.0
2024-07-15,Ph01_Z01_C01,8.90111E+12,3.0,3.0,1.0,1.0,2.0,1.3571428571428572,0,0,7,3.0
2024-07-16,Ph01_Z01_C01,8.90111E+12,3.0,3.0,2.0,0.0,2.142857142857143,1.5714285714285714,1,0,7,4.0
2024-07-17,Ph01_Z01_C01,8.90111E+12,4.0,3.0,0.0,0.0,2.7142857142857144,1.8571428571428572,2,0,7,0.0
2024-07-18,Ph01_Z01_C01,8.90111E+12,0.0,4.0,3.0,0.0,2.2857142857142856,1.8571428571428572,3,0,7,3.0
2024-07-19,Ph01_Z01_C01,8.90111E+12,3.0,0.0,1.0,1.0,2.5714285714285716,2.0,4,0,7,3.0
2024-07-20,Ph01_Z01_C01,8.90111E+12,3.0,3.0,2.0,2.0,2.7142857142857144,2.0714285714285716,5,1,7,2.0
2024-07-21,Ph01_Z01_C01,8.90111E+12,2.0,3.0,3.0,1.0,2.5714285714285716,2.142857142857143,6,1,7,6.0
2024-07-22,Ph01_Z01_C01,8.90111E+12,6.0,2.0,3.0,1.0,3.0,2.5,0,0,7,0.0
2024-07-23,Ph01_Z01_C01,8.90111E+12,0.0,6.0,3.0,2.0,2.5714285714285716,2.357142857142857,1,0,7,1.0
2024-07-24,Ph01_Z01_C01,8.90111E+12,1.0,0.0,4.0,0.0,2.142857142857143,2.4285714285714284,2,0,7,1.0
2024-07-25,Ph01_Z01_C01,8.90111E+12,1.0,1.0,0.0,3.0,2.2857142857142856,2.2857142857142856,3,0,7,0.0
2024-07-26,Ph01_Z01_C01,8.90111E+12,0.0,1.0,3.0,1.0,1.8571428571428572,2.2142857142857144,4,0,7,1.0
2024-07-27,Ph01_Z01_C01,8.90111E+12,1.0,0.0,3.0,2.0,1.5714285714285714,2.142857142857143,5,1,7,7.0
2024-07-28,Ph01_Z01_C01,8.90111E+12,7.0,1.0,2.0,3.0,2.2857142857142856,2.4285714285714284,6,1,7,1.0
2024-07-29,Ph01_Z01_C01,8.90111E+12,1.0,7.0,6.0,3.0,1.5714285714285714,2.2857142857142856,0,0,7,0.0
2024-07-30,Ph01_Z01_C01,8.90111E+12,0.0,1.0,0.0,3.0,1.5714285714285714,2.0714285714285716,1,0,7,2.0
2024-07-31,Ph01_Z01_C01,8.90111E+12,2.0,0.0,1.0,4.0,1.7142857142857142,1.9285714285714286,2,0,7,0.0
2024-08-01,Ph01_Z01_C01,8.90111E+12,0.0,2.0,1.0,0.0,1.5714285714285714,1.9285714285714286,3,0,8,4.0
2024-08-02,Ph01_Z01_C01,8.90111E+12,4.0,0.0,0.0,3.0,2.142857142857143,2.0,4,0,8,2.0
2024-08-03,Ph01_Z01_C01,8.90111E+12,2.0,4.0,1.0,3.0,2.2857142857142856,1.9285714285714286,5,1,8,3.0
2024-08-04,Ph01_Z01_C01,8.90111E+12,3.0,2.0,7.0,2.0,1.7142857142857142,2.0,6,1,8,0.0
2024-08-05,Ph01_Z01_C01,8.90111E+12,0.0,3.0,1.0,6.0,1.5714285714285714,1.5714285714285714,0,0,8,0.0
2024-08-06,Ph01_Z01_C01,8.90111E+12,0.0,0.0,0.0,0.0,1.5714285714285714,1.5714285714285714,1,0,8,1.0
2024-08-07,Ph01_Z01_C01,8.90111E+12,1.0,0.0,2.0,1.0,1.4285714285714286,1.5714285714285714,2,0,8,0.0
2024-08-08,Ph01_Z01_C01,8.90111E+12,0.0,1.0,0.0,1.0,1.4285714285714286,1.5,3,0,8,0.0
2024-08-09,Ph01_Z01_C01,8.90111E+12,0.0,0.0,4.0,0.0,0.8571428571428571,1.5,4,0,8,0.0
2024-08-10,Ph01_Z01_C01,8.90111E+12,0.0,0.0,2.0,1.0,0.5714285714285714,1.4285714285714286,5,1,8,2.0
2024-08-11,Ph01_Z01_C01,8.90111E+12,2.0,0.0,3.0,7.0,0.42857142857142855,1.0714285714285714,6,1,8,11.0
2024-08-12,Ph01_Z01_C01,8.90111E+12,11.0,2.0,0.0,1.0,2.0,1.7857142857142858,0,0,8,4.0
2024-08-13,Ph01_Z01_C01,8.90111E+12,4.0,11.0,0.0,0.0,2.5714285714285716,2.0714285714285716,1,0,8,4.0
2024-08-14,Ph01_Z01_C01,8.90111E+12,4.0,4.0,1.0,2.0,3.0,2.2142857142857144,2,0,8,1.0
2024-08-15,Ph01_Z01_C01,8.90111E+12,1.0,4.0,0.0,0.0,3.142857142857143,2.2857142857142856,3,0,8,2.0
2024-08-16,Ph01_Z01_C01,8.90111E+12,2.0,1.0,0.0,4.0,3.4285714285714284,2.142857142857143,4,0,8,1.0
2024-08-17,Ph01_Z01_C01,8.90111E+12,1.0,2.0,0.0,2.0,3.5714285714285716,2.0714285714285716,5,1,8,4.0
2024-08-18,Ph01_Z01_C01,8.90111E+12,4.0,1.0,2.0,3.0,3.857142857142857,2.142857142857143,6,1,8,2.0
2024-08-19,Ph01_Z01_C01,8.90111E+12,2.0,4.0,11.0,0.0,2.5714285714285716,2.2857142857142856,0,0,8,0.0
2024-08-20,Ph01_Z01_C01,8.90111E+12,0.0,2.0,4.0,0.0,2.0,2.2857142857142856,1,0,8,8.0
2024-08-21,Ph01_Z01_C01,8.90111E+12,8.0,0.0,4.0,1.0,2.5714285714285716,2.7857142857142856,2,0,8,0.0
2024-08-22,Ph01_Z01_C01,8.90111E+12,0.0,8.0,1.0,0.0,2.4285714285714284,2.7857142857142856,3,0,8,3.0
2024-08-23,Ph01_Z01_C01,8.90111E+12,3.0,0.0,2.0,0.0,2.5714285714285716,3.0,4,0,8,2.0
2024-08-24,Ph01_Z01_C01,8.90111E+12,2.0,3.0,1.0,0.0,2.7142857142857144,3.142857142857143,5,1,8,3.0
2024-08-25,Ph01_Z01_C01,8.90111E+12,3.0,2.0,4.0,2.0,2.5714285714285716,3.2142857142857144,6,1,8,0.0
2024-08-26,Ph01_Z01_C01,8.90111E+12,0.0,3.0,2.0,11.0,2.2857142857142856,2.4285714285714284,0,0,8,7.0
2024-08-27,Ph01_Z01_C01,8.90111E+12,7.0,0.0,0.0,4.0,3.2857142857142856,2.642857142857143,1,0,8,0.0
2024-08-28,Ph01_Z01_C01,8.90111E+12,0.0,7.0,8.0,4.0,2.142857142857143,2.357142857142857,2,0,8,1.0
2024-08-29,Ph01_Z01_C01,8.90111E+12,1.0,0.0,0.0,1.0,2.2857142857142856,2.357142857142857,3,0,8,1.0
2024-08-30,Ph01_Z01_C01,8.90111E+12,1.0,1.0,3.0,2.0,2.0,2.2857142857142856,4,0,8,1.0
2024-08-31,Ph01_Z01_C01,8.90111E+12,1.0,1.0,2.0,1.0,1.8571428571428572,2.2857142857142856,5,1,8,5.0
2024-09-01,Ph01_Z01_C01,8.90111E+12,5.0,1.0,3.0,4.0,2.142857142857143,2.357142857142857,6,1,9,0.0
2024-09-02,Ph01_Z01_C01,8.90111E+12,0.0,5.0,0.0,2.0,2.142857142857143,2.2142857142857144,0,0,9,2.0
2024-09-03,Ph01_Z01_C01,8.90111E+12,2.0,0.0,7.0,0.0,1.4285714285714286,2.357142857142857,1,0,9,1.0
2024-09-04,Ph01_Z01_C01,8.90111E+12,1.0,2.0,0.0,8.0,1.5714285714285714,1.8571428571428572,2,0,9,1.0
2024-09-05,Ph01_Z01_C01,8.90111E+12,1.0,1.0,1.0,0.0,1.5714285714285714,1.9285714285714286,3,0,9,3.0
2024-09-06,Ph01_Z01_C01,8.90111E+12,3.0,1.0,1.0,3.0,1.8571428571428572,1.9285714285714286,4,0,9,0.0
2024-09-07,Ph01_Z01_C01,8.90111E+12,0.0,3.0,1.0,2.0,1.7142857142857142,1.7857142857142858,5,1,9,3.0
2024-09-08,Ph01_Z01_C01,8.90111E+12,3.0,0.0,5.0,3.0,1.4285714285714286,1.7857142857142858,6,1,9,0.0
2024-09-09,Ph01_Z01_C01,8.90111E+12,0.0,3.0,0.0,0.0,1.4285714285714286,1.7857142857142858,0,0,9,2.0
2024-09-10,Ph01_Z01_C01,8.90111E+12,2.0,0.0,2.0,7.0,1.4285714285714286,1.4285714285714286,1,0,9,0.0
2024-09-11,Ph01_Z01_C01,8.90111E+12,0.0,2.0,1.0,0.0,1.2857142857142858,1.4285714285714286,2,0,9,1.0
2024-09-12,Ph01_Z01_C01,8.90111E+12,1.0,0.0,1.0,1.0,1.2857142857142858,1.4285714285714286,3,0,9,0.0
2024-09-13,Ph01_Z01_C01,8.90111E+12,0.0,1.0,3.0,1.0,0.8571428571428571,1.3571428571428572,4,0,9,2.0
2024-09-14,Ph01_Z01_C01,8.90111E+12,2.0,0.0,0.0,1.0,1.1428571428571428,1.4285714285714286,5,1,9,4.0
2024-09-15,Ph01_Z01_C01,8.90111E+12,4.0,2.0,3.0,5.0,1.2857142857142858,1.3571428571428572,6,1,9,1.0
2024-09-16,Ph01_Z01_C01,8.90111E+12,1.0,4.0,0.0,0.0,1.4285714285714286,1.4285714285714286,0,0,9,3.0
2024-09-17,Ph01_Z01_C01,8.90111E+12,3.0,1.0,2.0,2.0,1.5714285714285714,1.5,1,0,9,1.0
2024-09-18,Ph01_Z01_C01,8.90111E+12,1.0,3.0,0.0,1.0,1.7142857142857142,1.5,2,0,9,1.0
2024-09-19,Ph01_Z01_C01,8.90111E+12,1.0,1.0,1.0,1.0,1.7142857142857142,1.5,3,0,9,0.0
2024-09-20,Ph01_Z01_C01,8.90111E+12,0.0,1.0,0.0,3.0,1.7142857142857142,1.2857142857142858,4,0,9,1.0
2024-09-21,Ph01_Z01_C01,8.90111E+12,1.0,0.0,2.0,0.0,1.5714285714285714,1.3571428571428572,5,1,9,1.0
2024-09-22,Ph01_Z01_C01,8.90111E+12,1.0,1.0,4.0,3.0,1.1428571428571428,1.2142857142857142,6,1,9,5.0
2024-09-23,Ph01_Z01_C01,8.90111E+12,5.0,1.0,1.0,0.0,1.7142857142857142,1.5714285714285714,0,0,9,1.0
2024-09-24,Ph01_Z01_C01,8.90111E+12,1.0,5.0,3.0,2.0,1.4285714285714286,1.5,1,0,9,5.0
2024-09-25,Ph01_Z01_C01,8.90111E+12,5.0,1.0,1.0,0.0,2.0,1.8571428571428572,2,0,9,3.0
2024-09-26,Ph01_Z01_C01,8.90111E+12,3.0,5.0,1.0,1.0,2.2857142857142856,2.0,3,0,9,1.0
2024-09-27,Ph01_Z01_C01,8.90111E+12,1.0,3.0,0.0,0.0,2.4285714285714284,2.0714285714285716,4,0,9,10.0
2024-09-28,Ph01_Z01_C01,8.90111E+12,10.0,1.0,1.0,2.0,3.7142857142857144,2.642857142857143,5,1,9,0.0
2024-09-29,Ph01_Z01_C01,8.90111E+12,0.0,10.0,1.0,4.0,3.5714285714285716,2.357142857142857,6,1,9,6.0
2024-09-30,Ph01_Z01_C01,8.90111E+12,6.0,0.0,5.0,1.0,3.7142857142857144,2.7142857142857144,0,0,9,1.0
2024-10-01,Ph01_Z01_C01,8.90111E+12,1.0,6.0,1.0,3.0,3.7142857142857144,2.5714285714285716,1,0,10,0.0
2024-10-02,Ph01_Z01_C01,8.90111E+12,0.0,1.0,5.0,1.0,3.0,2.5,2,0,10,0.0
2024-10-03,Ph01_Z01_C01,8.90111E+12,0.0,0.0,3.0,1.0,2.5714285714285716,2.4285714285714284,3,0,10,8.0
2024-10-04,Ph01_Z01_C01,8.90111E+12,8.0,0.0,1.0,0.0,3.5714285714285716,3.0,4,0,10,0.0
2024-10-05,Ph01_Z01_C01,8.90111E+12,0.0,8.0,10.0,1.0,2.142857142857143,2.9285714285714284,5,1,10,1.0
2024-10-06,Ph01_Z01_C01,8.90111E+12,1.0,0.0,0.0,1.0,2.2857142857142856,2.9285714285714284,6,1,10,7.0
2024-10-07,Ph01_Z01_C01,8.90111E+12,7.0,1.0,6.0,5.0,2.4285714285714284,3.0714285714285716,0,0,10,1.0
2024-10-08,Ph01_Z01_C01,8.90111E+12,1.0,7.0,1.0,1.0,2.4285714285714284,3.0714285714285716,1,0,10,3.0
2024-10-09,Ph01_Z01_C01,8.90111E+12,3.0,1.0,0.0,5.0,2.857142857142857,2.9285714285714284,2,0,10,1.0
2024-10-10,Ph01_Z01_C01,8.90111E+12,1.0,3.0,0.0,3.0,3.0,2.7857142857142856,3,0,10,4.0
2024-10-11,Ph01_Z01_C01,8.90111E+12,4.0,1.0,8.0,1.0,2.4285714285714284,3.0,4,0,10,1.0
2024-10-12,Ph01_Z01_C01,8.90111E+12,1.0,4.0,0.0,10.0,2.5714285714285716,2.357142857142857,5,1,10,1.0
2024-10-13,Ph01_Z01_C01,8.90111E+12,1.0,1.0,1.0,0.0,2.5714285714285716,2.4285714285714284,6,1,10,1.0
2024-10-14,Ph01_Z01_C01,8.90111E+12,1.0,1.0,7.0,6.0,1.7142857142857142,2.0714285714285716,0,0,10,1.0
2024-10-15,Ph01_Z01_C01,8.90111E+12,1.0,1.0,1.0,1.0,1.7142857142857142,2.0714285714285716,1,0,10,1.0
2024-10-16,Ph01_Z01_C01,8.90111E+12,1.0,1.0,3.0,0.0,1.4285714285714286,2.142857142857143,2,0,10,2.0
2024-10-17,Ph01_Z01_C01,8.90111E+12,2.0,1.0,1.0,0.0,1.5714285714285714,2.2857142857142856,3,0,10,1.0
2024-10-18,Ph01_Z01_C01,8.90111E+12,1.0,2.0,4.0,8.0,1.1428571428571428,1.7857142857142858,4,0,10,1.0
2024-10-19,Ph01_Z01_C01,8.90111E+12,1.0,1.0,1.0,0.0,1.1428571428571428,1.8571428571428572,5,1,10,1.0
2024-10-20,Ph01_Z01_C01,8.90111E+12,1.0,1.0,1.0,1.0,1.1428571428571428,1.8571428571428572,6,1,10,5.0
2024-10-21,Ph01_Z01_C01,8.90111E+12,5.0,1.0,1.0,7.0,1.7142857142857142,1.7142857142857142,0,0,10,1.0
2024-10-22,Ph01_Z01_C01,8.90111E+12,1.0,5.0,1.0,1.0,1.7142857142857142,1.7142857142857142,1,0,10,1.0
2024-10-23,Ph01_Z01_C01,8.90111E+12,1.0,1.0,1.0,3.0,1.7142857142857142,1.5714285714285714,2,0,10,4.0
2024-10-24,Ph01_Z01_C01,8.90111E+12,4.0,1.0,2.0,1.0,2.0,1.7857142857142858,3,0,10,0.0
2024-10-25,Ph01_Z01_C01,8.90111E+12,0.0,4.0,1.0,4.0,1.8571428571428572,1.5,4,0,10,0.0
2024-10-26,Ph01_Z01_C01,8.90111E+12,0.0,0.0,1.0,1.0,1.7142857142857142,1.4285714285714286,5,1,10,1.0
2024-10-27,Ph01_Z01_C01,8.90111E+12,1.0,0.0,1.0,1.0,1.7142857142857142,1.4285714285714286,6,1,10,0.0
2024-10-28,Ph01_Z01_C01,8.90111E+12,0.0,1.0,5.0,1.0,1.0,1.3571428571428572,0,0,10,1.0
2024-10-29,Ph01_Z01_C01,8.90111E+12,1.0,0.0,1.0,1.0,1.0,1.3571428571428572,1,0,10,0.0
2024-10-30,Ph01_Z01_C01,8.90111E+12,0.0,1.0,1.0,1.0,0.8571428571428571,1.2857142857142858,2,0,10,1.0
2024-10-31,Ph01_Z01_C01,8.90111E+12,1.0,0.0,4.0,2.0,0.42857142857142855,1.2142857142857142,3,0,10,1.0
2024-01-01,Ph01_Z01_C01,9.504E+12,3.0,0.0,0.0,0.0,3.0,3.0,0,0,1,1.0
2024-01-02,Ph01_Z01_C01,9.504E+12,1.0,3.0,0.0,0.0,2.0,2.0,1,0,1,4.0
2024-01-03,Ph01_Z01_C01,9.504E+12,4.0,1.0,0.0,0.0,2.6666666666666665,2.6666666666666665,2,0,1,4.0
2024-01-04,Ph01_Z01_C01,9.504E+12,4.0,4.0,0.0,0.0,3.0,3.0,3,0,1,0.0
2024-01-05,Ph01_Z01_C01,9.504E+12,0.0,4.0,0.0,0.0,2.4,2.4,4,0,1,2.0
2024-01-06,Ph01_Z01_C01,9.504E+12,2.0,0.0,0.0,0.0,2.3333333333333335,2.3333333333333335,5,1,1,0.0
2024-01-07,Ph01_Z01_C01,9.504E+12,0.0,2.0,0.0,0.0,2.0,2.0,6,1,1,1.0
2024-01-08,Ph01_Z01_C01,9.504E+12,1.0,0.0,3.0,0.0,1.7142857142857142,1.875,0,0,1,0.0
2024-01-09,Ph01_Z01_C01,9.504E+12,0.0,1.0,1.0,0.0,1.5714285714285714,1.6666666666666667,1,0,1,1.0
2024-01-10,Ph01_Z01_C01,9.504E+12,1.0,0.0,4.0,0.0,1.1428571428571428,1.6,2,0,1,0.0
2024-01-11,Ph01_Z01_C01,9.504E+12,0.0,1.0,4.0,0.0,0.5714285714285714,1.4545454545454546,3,0,1,4.0
2024-01-12,Ph01_Z01_C01,9.504E+12,4.0,0.0,0.0,0.0,1.1428571428571428,1.6666666666666667,4,0,1,3.0
2024-01-13,Ph01_Z01_C01,9.504E+12,3.0,4.0,2.0,0.0,1.2857142857142858,1.7692307692307692,5,1,1,3.0
2024-01-14,Ph01_Z01_C01,9.504E+12,3.0,3.0,0.0,0.0,1.7142857142857142,1.8571428571428572,6,1,1,1.0
2024-01-15,Ph01_Z01_C01,9.504E+12,1.0,3.0,1.0,3.0,1.7142857142857142,1.7142857142857142,0,0,1,2.0
2024-01-16,Ph01_Z01_C01,9.504E+12,2.0,1.0,0.0,1.0,2.0,1.7857142857142858,1,0,1,1.0
2024-01-17,Ph01_Z01_C01,9.504E+12,1.0,2.0,1.0,4.0,2.0,1.5714285714285714,2,0,1,1.0
2024-01-18,Ph01_Z01_C01,9.504E+12,1.0,1.0,0.0,4.0,2.142857142857143,1.3571428571428572,3,0,1,2.0
2024-01-19,Ph01_Z01_C01,9.504E+12,2.0,1.0,4.0,0.0,1.8571428571428572,1.5,4,0,1,1.0
2024-01-20,Ph01_Z01_C01,9.504E+12,1.0,2.0,3.0,2.0,1.5714285714285714,1.4285714285714286,5,1,1,0.0
2024-01-21,Ph01_Z01_C01,9.504E+12,0.0,1.0,3.0,0.0,1.1428571428571428,1.4285714285714286,6,1,1,2.0
2024-01-22,Ph01_Z01_C01,9.504E+12,2.0,0.0,1.0,1.0,1.2857142857142858,1.5,0,0,1,1.0
2024-01-23,Ph01_Z01_C01,9.504E+12,1.0,2.0,2.0,0.0,1.1428571428571428,1.5714285714285714,1,0,1,2.0
2024-01-24,Ph01_Z01_C01,9.504E+12,2.0,1.0,1.0,1.0,1.2857142857142858,1.6428571428571428,2,0,1,2.0
2024-01-25,Ph01_Z01_C01,9.504E+12,2.0,2.0,1.0,0.0,1.4285714285714286,1.7857142857142858,3,0,1,1.0
2024-01-26,Ph01_Z01_C01,9.504E+12,1.0,2.0,2.0,4.0,1.2857142857142858,1.5714285714285714,4,0,1,5.0
2024-01-27,Ph01_Z01_C01,9.504E+12,5.0,1.0,1.0,3.0,1.8571428571428572,1.7142857142857142,5,1,1,2.0
2024-01-28,Ph01_Z01_C01,9.504E+12,2.0,5.0,0.0,3.0,2.142857142857143,1.6428571428571428,6,1,1,3.0
2024-01-29,Ph01_Z01_C01,9.504E+12,3.0,2.0,2.0,1.0,2.2857142857142856,1.7857142857142858,0,0,1,1.0
2024-01-30,Ph01_Z01_C01,9.504E+12,1.0,3.0,1.0,2.0,2.2857142857142856,1.7142857142857142,1,0,1,1.0
2024-01-31,Ph01_Z01_C01,9.504E+12,1.0,1.0,2.0,1.0,2.142857142857143,1.7142857142857142,2,0,1,0.0
2024-02-01,Ph01_Z01_C01,9.504E+12,0.0,1.0,2.0,1.0,1.8571428571428572,1.6428571428571428,3,0,2,2.0
2024-02-02,Ph01_Z01_C01,9.504E+12,2.0,0.0,1.0,2.0,2.0,1.6428571428571428,4,0,2,1.0
2024-02-03,Ph01_Z01_C01,9.504E+12,1.0,2.0,5.0,1.0,1.4285714285714286,1.6428571428571428,5,1,2,5.0
2024-02-04,Ph01_Z01_C01,9.504E+12,5.0,1.0,2.0,0.0,1.8571428571428572,2.0,6,1,2,7.0
2024-02-05,Ph01_Z01_C01,9.504E+12,7.0,5.0,3.0,2.0,2.4285714285714284,2.357142857142857,0,0,2,0.0
2024-02-06,Ph01_Z01_C01,9.504E+12,0.0,7.0,1.0,1.0,2.2857142857142856,2.2857142857142856,1,0,2,1.0
2024-02-07,Ph01_Z01_C01,9.504E+12,1.0,0.0,1.0,2.0,2.2857142857142856,2.2142857142857144,2,0,2,1.0
2024-02-08,Ph01_Z01_C01,9.504E+12,1.0,1.0,0.0,2.0,2.4285714285714284,2.142857142857143,3,0,2,6.0
2024-02-09,Ph01_Z01_C01,9.504E+12,6.0,1.0,2.0,1.0,3.0,2.5,4,0,2,1.0
2024-02-10,Ph01_Z01_C01,9.504E+12,1.0,6.0,1.0,5.0,3.0,2.2142857142857144,5,1,2,3.0
2024-02-11,Ph01_Z01_C01,9.504E+12,3.0,1.0,5.0,2.0,2.7142857142857144,2.2857142857142856,6,1,2,0.0
2024-02-12,Ph01_Z01_C01,9.504E+12,0.0,3.0,7.0,3.0,1.7142857142857142,2.0714285714285716,0,0,2,3.0
2024-02-13,Ph01_Z01_C01,9.504E+12,3.0,0.0,0.0,1.0,2.142857142857143,2.2142857142857144,1,0,2,2.0
2024-02-14,Ph01_Z01_C01,9.504E+12,2.0,3.0,1.0,1.0,2.2857142857142856,2.2857142857142856,2,0,2,2.0
2024-02-15,Ph01_Z01_C01,9.504E+12,2.0,2.0,1.0,0.0,2.4285714285714284,2.4285714285714284,3,0,2,3.0
2024-02-16,Ph01_Z01_C01,9.504E+12,3.0,2.0,6.0,2.0,2.0,2.5,4,0,2,2.0
2024-02-17,Ph01_Z01_C01,9.504E+12,2.0,3.0,1.0,1.0,2.142857142857143,2.5714285714285716,5,1,2,1.0
2024-02-18,Ph01_Z01_C01,9.504E+12,1.0,2.0,3.0,5.0,1.8571428571428572,2.2857142857142856,6,1,2,1.0
2024-02-19,Ph01_Z01_C01,9.504E+12,1.0,1.0,0.0,7.0,2.0,1.8571428571428572,0,0,2,0.0
2024-02-20,Ph01_Z01_C01,9.504E+12,0.0,1.0,3.0,0.0,1.5714285714285714,1.8571428571428572,1,0,2,0.0
2024-02-21,Ph01_Z01_C01,9.504E+12,0.0,0.0,2.0,1.0,1.2857142857142858,1.7857142857142858,2,0,2,0.0
2024-02-22,Ph01_Z01_C01,9.504E+12,0.0,0.0,2.0,1.0,1.0,1.7142857142857142,3,0,2,0.0
2024-02-23,Ph01_Z01_C01,9.504E+12,0.0,0.0,3.0,6.0,0.5714285714285714,1.2857142857142858,4,0,2,0.0
2024-02-24,Ph01_Z01_C01,9.504E+12,0.0,0.0,2.0,1.0,0.2857142857142857,1.2142857142857142,5,1,2,1.0
2024-02-25,Ph01_Z01_C01,9.504E+12,1.0,0.0,1.0,3.0,0.2857142857142857,1.0714285714285714,6,1,2,1.0
2024-02-26,Ph01_Z01_C01,9.504E+12,1.0,1.0,1.0,0.0,0.2857142857142857,1.1428571428571428,0,0,2,1.0
2024-02-27,Ph01_Z01_C01,9.504E+12,1.0,1.0,0.0,3.0,0.42857142857142855,1.0,1,0,2,2.0
2024-02-28,Ph01_Z01_C01,9.504E+12,2.0,1.0,0.0,2.0,0.7142857142857143,1.0,2,0,2,4.0
2024-02-29,Ph01_Z01_C01,9.504E+12,4.0,2.0,0.0,2.0,1.2857142857142858,1.1428571428571428,3,0,2,3.0
2024-03-01,Ph01_Z01_C01,9.504E+12,3.0,4.0,0.0,3.0,1.7142857142857142,1.1428571428571428,4,0,3,0.0
2024-03-02,Ph01_Z01_C01,9.504E+12,0.0,3.0,0.0,2.0,1.7142857142857142,1.0,5,1,3,3.0
2024-03-03,Ph01_Z01_C01,9.504E+12,3.0,0.0,1.0,1.0,2.0,1.1428571428571428,6,1,3,1.0
2024-03-04,Ph01_Z01_C01,9.504E+12,1.0,3.0,1.0,1.0,2.0,1.1428571428571428,0,0,3,2.0
2024-03-05,Ph01_Z01_C01,9.504E+12,2.0,1.0,1.0,0.0,2.142857142857143,1.2857142857142858,1,0,3,0.0
2024-03-06,Ph01_Z01_C01,9.504E+12,0.0,2.0,2.0,0.0,1.8571428571428572,1.2857142857142858,2,0,3,5.0
2024-03-07,Ph01_Z01_C01,9.504E+12,5.0,0.0,4.0,0.0,2.0,1.6428571428571428,3,0,3,2.0
2024-03-08,Ph01_Z01_C01,9.504E+12,2.0,5.0,3.0,0.0,1.8571428571428572,1.7857142857142858,4,0,3,3.0
2024-03-09,Ph01_Z01_C01,9.504E+12,3.0,2.0,0.0,0.0,2.2857142857142856,2.0,5,1,3,0.0
2024-03-10,Ph01_Z01_C01,9.504E+12,0.0,3.0,3.0,1.0,1.8571428571428572,1.9285714285714286,6,1,3,0.0
2024-03-11,Ph01_Z01_C01,9.504E+12,0.0,0.0,1.0,1.0,1.7142857142857142,1.8571428571428572,0,0,3,0.0
2024-03-12,Ph01_Z01_C01,9.504E+12,0.0,0.0,2.0,1.0,1.4285714285714286,1.7857142857142858,1,0,3,2.0
2024-03-13,Ph01_Z01_C01,9.504E+12,2.0,0.0,0.0,2.0,1.7142857142857142,1.7857142857142858,2,0,3,3.0
2024-03-14,Ph01_Z01_C01,9.504E+12,3.0,2.0,5.0,4.0,1.4285714285714286,1.7142857142857142,3,0,3,2.0
2024-03-15,Ph01_Z01_C01,9.504E+12,2.0,3.0,2.0,3.0,1.4285714285714286,1.6428571428571428,4,0,3,1.0
2024-03-16,Ph01_Z01_C01,9.504E+12,1.0,2.0,3.0,0.0,1.1428571428571428,1.7142857142857142,5,1,3,2.0
2024-03-17,Ph01_Z01_C01,9.504E+12,2.0,1.0,0.0,3.0,1.4285714285714286,1.6428571428571428,6,1,3,2.0
2024-03-18,Ph01_Z01_C01,9.504E+12,2.0,2.0,0.0,1.0,1.7142857142857142,1.7142857142857142,0,0,3,0.0
2024-03-19,Ph01_Z01_C01,9.504E+12,0.0,2.0,0.0,2.0,1.7142857142857142,1.5714285714285714,1,0,3,1.0
2024-03-20,Ph01_Z01_C01,9.504E+12,1.0,0.0,2.0,0.0,1.5714285714285714,1.6428571428571428,2,0,3,2.0
2024-03-21,Ph01_Z01_C01,9.504E+12,2.0,1.0,3.0,5.0,1.4285714285714286,1.4285714285714286,3,0,3,3.0
2024-03-22,Ph01_Z01_C01,9.504E+12,3.0,2.0,2.0,2.0,1.5714285714285714,1.5,4,0,3,0.0
2024-03-23,Ph01_Z01_C01,9.504E+12,0.0,3.0,1.0,3.0,1.4285714285714286,1.2857142857142858,5,1,3,1.0
2024-03-24,Ph01_Z01_C01,9.504E+12,1.0,0.0,2.0,0.0,1.2857142857142858,1.3571428571428572,6,1,3,3.0
2024-03-25,Ph01_Z01_C01,9.504E+12,3.0,1.0,2.0,0.0,1.4285714285714286,1.5714285714285714,0,0,3,0.0
2024-03-26,Ph01_Z01_C01,9.504E+12,0.0,3.0,0.0,0.0,1.4285714285714286,1.5714285714285714,1,0,3,3.0
2024-03-27,Ph01_Z01_C01,9.504E+12,3.0,0.0,1.0,2.0,1.7142857142857142,1.6428571428571428,2,0,3,3.0
2024-03-28,Ph01_Z01_C01,9.504E+12,3.0,3.0,2.0,3.0,1.8571428571428572,1.6428571428571428,3,0,3,1.0
2024-03-29,Ph01_Z01_C01,9.504E+12,1.0,3.0,3.0,2.0,1.5714285714285714,1.5714285714285714,4,0,3,2.0
2024-03-30,Ph01_Z01_C01,9.504E+12,2.0,1.0,0.0,1.0,1.8571428571428572,1.6428571428571428,5,1,3,2.0
2024-03-31,Ph01_Z01_C01,9.504E+12,2.0,2.0,1.0,2.0,2.0,1.6428571428571428,6,1,3,0.0
2024-04-01,Ph01_Z01_C01,9.504E+12,0.0,2.0,3.0,2.0,1.5714285714285714,1.5,0,0,4,0.0
2024-04-02,Ph01_Z01_C01,9.504E+12,0.0,0.0,0.0,0.0,1.5714285714285714,1.5,1,0,4,1.0
2024-04-03,Ph01_Z01_C01,9.504E+12,1.0,0.0,3.0,1.0,1.2857142857142858,1.5,2,0,4,4.0
2024-04-04,Ph01_Z01_C01,9.504E+12,4.0,1.0,3.0,2.0,1.4285714285714286,1.6428571428571428,3,0,4,1.0
2024-04-05,Ph01_Z01_C01,9.504E+12,1.0,4.0,1.0,3.0,1.4285714285714286,1.5,4,0,4,2.0
2024-04-06,Ph01_Z01_C01,9.504E+12,2.0,1.0,2.0,0.0,1.4285714285714286,1.6428571428571428,5,1,4,3.0
2024-04-07,Ph01_Z01_C01,9.504E+12,3.0,2.0,2.0,1.0,1.5714285714285714,1.7857142857142858,6,1,4,3.0
2024-04-08,Ph01_Z01_C01,9.504E+12,3.0,3.0,0.0,3.0,2.0,1.7857142857142858,0,0,4,1.0
2024-04-09,Ph01_Z01_C01,9.504E+12,1.0,3.0,0.0,0.0,2.142857142857143,1.8571428571428572,1,0,4,2.0
2024-04-10,Ph01_Z01_C01,9.504E+12,2.0,1.0,1.0,3.0,2.2857142857142856,1.7857142857142858,2,0,4,4.0
2024-04-11,Ph01_Z01_C01,9.504E+12,4.0,2.0,4.0,3.0,2.2857142857142856,1.8571428571428572,3,0,4,1.0
2024-04-12,Ph01_Z01_C01,9.504E+12,1.0,4.0,1.0,1.0,2.2857142857142856,1.8571428571428572,4,0,4,1.0
2024-04-13,Ph01_Z01_C01,9.504E+12,1.0,1.0,2.0,2.0,2.142857142857143,1.7857142857142858,5,1,4,0.0
2024-04-14,Ph01_Z01_C01,9.504E+12,0.0,1.0,3.0,2.0,1.7142857142857142,1.6428571428571428,6,1,4,2.0
2024-04-15,Ph01_Z01_C01,9.504E+12,2.0,0.0,3.0,0.0,1.5714285714285714,1.7857142857142858,0,0,4,3.0
2024-04-16,Ph01_Z01_C01,9.504E+12,3.0,2.0,1.0,0.0,1.8571428571428572,2.0,1,0,4,0.0
2024-04-17,Ph01_Z01_C01,9.504E+12,0.0,3.0,2.0,1.0,1.5714285714285714,1.9285714285714286,2,0,4,2.0
2024-04-18,Ph01_Z01_C01,9.504E+12,2.0,0.0,4.0,4.0,1.2857142857142858,1.7857142857142858,3,0,4,3.0
2024-04-19,Ph01_Z01_C01,9.504E+12,3.0,2.0,1.0,1.0,1.5714285714285714,1.9285714285714286,4,0,4,0.0
2024-04-20,Ph01_Z01_C01,9.504E+12,0.0,3.0,1.0,2.0,1.4285714285714286,1.7857142857142858,5,1,4,1.0
2024-04-21,Ph01_Z01_C01,9.504E+12,1.0,0.0,0.0,3.0,1.5714285714285714,1.6428571428571428,6,1,4,0.0
2024-04-22,Ph01_Z01_C01,9.504E+12,0.0,1.0,2.0,3.0,1.2857142857142858,1.4285714285714286,0,0,4,0.0
2024-04-23,Ph01_Z01_C01,9.504E+12,0.0,0.0,3.0,1.0,0.8571428571428571,1.3571428571428572,1,0,4,2.0
2024-04-24,Ph01_Z01_C01,9.504E+12,2.0,0.0,0.0,2.0,1.1428571428571428,1.3571428571428572,2,0,4,0.0
2024-04-25,Ph01_Z01_C01,9.504E+12,0.0,2.0,2.0,4.0,0.8571428571428571,1.0714285714285714,3,0,4,2.0
2024-04-26,Ph01_Z01_C01,9.504E+12,2.0,0.0,3.0,1.0,0.7142857142857143,1.1428571428571428,4,0,4,3.0
2024-04-27,Ph01_Z01_C01,9.504E+12,3.0,2.0,0.0,1.0,1.1428571428571428,1.2857142857142858,5,1,4,1.0
2024-04-28,Ph01_Z01_C01,9.504E+12,1.0,3.0,1.0,0.0,1.1428571428571428,1.3571428571428572,6,1,4,2.0
2024-04-29,Ph01_Z01_C01,9.504E+12,2.0,1.0,0.0,2.0,1.4285714285714286,1.3571428571428572,0,0,4,0.0
2024-04-30,Ph01_Z01_C01,9.504E+12,0.0,2.0,0.0,3.0,1.4285714285714286,1.1428571428571428,1,0,4,8.0
2024-05-01,Ph01_Z01_C01,9.504E+12,8.0,0.0,2.0,0.0,2.2857142857142856,1.7142857142857142,2,0,5,1.0
2024-05-02,Ph01_Z01_C01,9.504E+12,1.0,8.0,0.0,2.0,2.4285714285714284,1.6428571428571428,3,0,5,3.0
2024-05-03,Ph01_Z01_C01,9.504E+12,3.0,1.0,2.0,3.0,2.5714285714285716,1.6428571428571428,4,0,5,3.0
2024-05-04,Ph01_Z01_C01,9.504E+12,3.0,3.0,3.0,0.0,2.5714285714285716,1.8571428571428572,5,1,5,0.0
2024-05-05,Ph01_Z01_C01,9.504E+12,0.0,3.0,1.0,1.0,2.4285714285714284,1.7857142857142858,6,1,5,0.0
2024-05-06,Ph01_Z01_C01,9.504E+12,0.0,0.0,2.0,0.0,2.142857142857143,1.7857142857142858,0,0,5,0.0
2024-05-07,Ph01_Z01_C01,9.504E+12,0.0,0.0,0.0,0.0,2.142857142857143,1.7857142857142858,1,0,5,0.0
2024-05-08,Ph01_Z01_C01,9.504E+12,0.0,0.0,8.0,2.0,1.0,1.6428571428571428,2,0,5,3.0
2024-05-09,Ph01_Z01_C01,9.504E+12,3.0,0.0,1.0,0.0,1.2857142857142858,1.8571428571428572,3,0,5,2.0
2024-05-10,Ph01_Z01_C01,9.504E+12,2.0,3.0,3.0,2.0,1.1428571428571428,1.8571428571428572,4,0,5,5.0
2024-05-11,Ph01_Z01_C01,9.504E+12,5.0,2.0,3.0,3.0,1.4285714285714286,2.0,5,1,5,2.0
2024-05-12,Ph01_Z01_C01,9.504E+12,2.0,5.0,0.0,1.0,1.7142857142857142,2.0714285714285716,6,1,5,5.0
2024-05-13,Ph01_Z01_C01,9.504E+12,5.0,2.0,0.0,2.0,2.4285714285714284,2.2857142857142856,0,0,5,3.0
2024-05-14,Ph01_Z01_C01,9.504E+12,3.0,5.0,0.0,0.0,2.857142857142857,2.5,1,0,5,2.0
2024-05-15,Ph01_Z01_C01,9.504E+12,2.0,3.0,0.0,8.0,3.142857142857143,2.0714285714285716,2,0,5,1.0
2024-05-16,Ph01_Z01_C01,9.504E+12,1.0,2.0,3.0,1.0,2.857142857142857,2.0714285714285716,3,0,5,2.0
2024-05-17,Ph01_Z01_C01,9.504E+12,2.0,1.0,2.0,3.0,2.857142857142857,2.0,4,0,5,2.0
2024-05-18,Ph01_Z01_C01,9.504E+12,2.0,2.0,5.0,3.0,2.4285714285714284,1.9285714285714286,5,1,5,0.0
2024-05-19,Ph01_Z01_C01,9.504E+12,0.0,2.0,2.0,0.0,2.142857142857143,1.9285714285714286,6,1,5,0.0
2024-05-20,Ph01_Z01_C01,9.504E+12,0.0,0.0,5.0,0.0,1.4285714285714286,1.9285714285714286,0,0,5,1.0
2024-05-21,Ph01_Z01_C01,9.504E+12,1.0,0.0,3.0,0.0,1.1428571428571428,2.0,1,0,5,0.0
2024-05-22,Ph01_Z01_C01,9.504E+12,0.0,1.0,2.0,0.0,0.8571428571428571,2.0,2,0,5,3.0
2024-05-23,Ph01_Z01_C01,9.504E+12,3.0,0.0,1.0,3.0,1.1428571428571428,2.0,3,0,5,5.0
2024-05-24,Ph01_Z01_C01,9.504E+12,5.0,3.0,2.0,2.0,1.5714285714285714,2.2142857142857144,4,0,5,1.0
2024-05-25,Ph01_Z01_C01,9.504E+12,1.0,5.0,2.0,5.0,1.4285714285714286,1.9285714285714286,5,1,5,2.0
2024-05-26,Ph01_Z01_C01,9.504E+12,2.0,1.0,0.0,2.0,1.7142857142857142,1.9285714285714286,6,1,5,0.0
2024-05-27,Ph01_Z01_C01,9.504E+12,0.0,2.0,0.0,5.0,1.7142857142857142,1.5714285714285714,0,0,5,3.0
2024-05-28,Ph01_Z01_C01,9.504E+12,3.0,0.0,1.0,3.0,2.0,1.5714285714285714,1,0,5,1.0
2024-05-29,Ph01_Z01_C01,9.504E+12,1.0,3.0,0.0,2.0,2.142857142857143,1.5,2,0,5,0.0
2024-05-30,Ph01_Z01_C01,9.504E+12,0.0,1.0,3.0,1.0,1.7142857142857142,1.4285714285714286,3,0,5,2.0
2024-05-31,Ph01_Z01_C01,9.504E+12,2.0,0.0,5.0,2.0,1.2857142857142858,1.4285714285714286,4,0,5,3.0
2024-06-01,Ph01_Z01_C01,9.504E+12,3.0,2.0,1.0,2.0,1.5714285714285714,1.5,5,1,6,0.0
2024-06-02,Ph01_Z01_C01,9.504E+12,0.0,3.0,2.0,0.0,1.2857142857142858,1.5,6,1,6,0.0
2024-06-03,Ph01_Z01_C01,9.504E+12,0.0,0.0,0.0,0.0,1.2857142857142858,1.5,0,0,6,3.0
2024-06-04,Ph01_Z01_C01,9.504E+12,3.0,0.0,3.0,1.0,1.2857142857142858,1.6428571428571428,1,0,6,1.0
2024-06-05,Ph01_Z01_C01,9.504E+12,1.0,3.0,1.0,0.0,1.2857142857142858,1.7142857142857142,2,0,6,1.0
2024-06-06,Ph01_Z01_C01,9.504E+12,1.0,1.0,0.0,3.0,1.4285714285714286,1.5714285714285714,3,0,6,5.0
2024-06-07,Ph01_Z01_C01,9.504E+12,5.0,1.0,2.0,5.0,1.8571428571428572,1.5714285714285714,4,0,6,0.0
2024-06-08,Ph01_Z01_C01,9.504E+12,0.0,5.0,3.0,1.0,1.4285714285714286,1.5,5,1,6,1.0
2024-06-09,Ph01_Z01_C01,9.504E+12,1.0,0.0,0.0,2.0,1.5714285714285714,1.4285714285714286,6,1,6,4.0
2024-06-10,Ph01_Z01_C01,9.504E+12,4.0,1.0,0.0,0.0,2.142857142857143,1.7142857142857142,0,0,6,0.0
2024-06-11,Ph01_Z01_C01,9.504E+12,0.0,4.0,3.0,3.0,1.7142857142857142,1.5,1,0,6,0.0
2024-06-12,Ph01_Z01_C01,9.504E+12,0.0,0.0,1.0,1.0,1.5714285714285714,1.4285714285714286,2,0,6,1.0
2024-06-13,Ph01_Z01_C01,9.504E+12,1.0,0.0,1.0,0.0,1.5714285714285714,1.5,3,0,6,6.0
2024-06-14,Ph01_Z01_C01,9.504E+12,6.0,1.0,5.0,2.0,1.7142857142857142,1.7857142857142858,4,0,6,1.0
2024-06-15,Ph01_Z01_C01,9.504E+12,1.0,6.0,0.0,3.0,1.8571428571428572,1.6428571428571428,5,1,6,5.0
2024-06-16,Ph01_Z01_C01,9.504E+12,5.0,1.0,1.0,0.0,2.4285714285714284,2.0,6,1,6,2.0
2024-06-17,Ph01_Z01_C01,9.504E+12,2.0,5.0,4.0,0.0,2.142857142857143,2.142857142857143,0,0,6,2.0
2024-06-18,Ph01_Z01_C01,9.504E+12,2.0,2.0,0.0,3.0,2.4285714285714284,2.0714285714285716,1,0,6,1.0
2024-06-19,Ph01_Z01_C01,9.504E+12,1.0,2.0,0.0,1.0,2.5714285714285716,2.0714285714285716,2,0,6,1.0
2024-06-20,Ph01_Z01_C01,9.504E+12,1.0,1.0,1.0,1.0,2.5714285714285716,2.0714285714285716,3,0,6,2.0
2024-06-21,Ph01_Z01_C01,9.504E+12,2.0,1.0,6.0,5.0,2.0,1.8571428571428572,4,0,6,3.0
2024-06-22,Ph01_Z01_C01,9.504E+12,3.0,2.0,1.0,0.0,2.2857142857142856,2.0714285714285716,5,1,6,1.0
2024-06-23,Ph01_Z01_C01,9.504E+12,1.0,3.0,5.0,1.0,1.7142857142857142,2.0714285714285716,6,1,6,0.0
2024-06-24,Ph01_Z01_C01,9.504E+12,0.0,1.0,2.0,4.0,1.4285714285714286,1.7857142857142858,0,0,6,0.0
2024-06-25,Ph01_Z01_C01,9.504E+12,0.0,0.0,2.0,0.0,1.1428571428571428,1.7857142857142858,1,0,6,1.0
2024-06-26,Ph01_Z01_C01,9.504E+12,1.0,0.0,1.0,0.0,1.1428571428571428,1.8571428571428572,2,0,6,1.0
2024-06-27,Ph01_Z01_C01,9.504E+12,1.0,1.0,1.0,1.0,1.1428571428571428,1.8571428571428572,3,0,6,0.0
2024-06-28,Ph01_Z01_C01,9.504E+12,0.0,1.0,2.0,6.0,0.8571428571428571,1.4285714285714286,4,0,6,2.0
2024-06-29,Ph01_Z01_C01,9.504E+12,2.0,0.0,3.0,1.0,0.7142857142857143,1.5,5,1,6,2.0
2024-06-30,Ph01_Z01_C01,9.504E+12,2.0,2.0,1.0,5.0,0.8571428571428571,1.2857142857142858,6,1,6,4.0
2024-07-01,Ph01_Z01_C01,9.504E+12,4.0,2.0,0.0,2.0,1.4285714285714286,1.4285714285714286,0,0,7,1.0
2024-07-02,Ph01_Z01_C01,9.504E+12,1.0,4.0,0.0,2.0,1.5714285714285714,1.3571428571428572,1,0,7,4.0
2024-07-03,Ph01_Z01_C01,9.504E+12,4.0,1.0,1.0,1.0,2.0,1.5714285714285714,2,0,7,0.0
2024-07-04,Ph01_Z01_C01,9.504E+12,0.0,4.0,1.0,1.0,1.8571428571428572,1.5,3,0,7,3.0
2024-07-05,Ph01_Z01_C01,9.504E+12,3.0,0.0,0.0,2.0,2.2857142857142856,1.5714285714285714,4,0,7,1.0
2024-07-06,Ph01_Z01_C01,9.504E+12,1.0,3.0,2.0,3.0,2.142857142857143,1.4285714285714286,5,1,7,1.0
2024-07-07,Ph01_Z01_C01,9.504E+12,1.0,1.0,2.0,1.0,2.0,1.4285714285714286,6,1,7,2.0
2024-07-08,Ph01_Z01_C01,9.504E+12,2.0,1.0,4.0,0.0,1.7142857142857142,1.5714285714285714,0,0,7,0.0
2024-07-09,Ph01_Z01_C01,9.504E+12,0.0,2.0,1.0,0.0,1.5714285714285714,1.5714285714285714,1,0,7,1.0
2024-07-10,Ph01_Z01_C01,9.504E+12,1.0,0.0,4.0,1.0,1.1428571428571428,1.5714285714285714,2,0,7,2.0
2024-07-11,Ph01_Z01_C01,9.504E+12,2.0,1.0,0.0,1.0,1.4285714285714286,1.6428571428571428,3,0,7,1.0
2024-07-12,Ph01_Z01_C01,9.504E+12,1.0,2.0,3.0,0.0,1.1428571428571428,1.7142857142857142,4,0,7,0.0
2024-07-13,Ph01_Z01_C01,9.504E+12,0.0,1.0,1.0,2.0,1.0,1.5714285714285714,5,1,7,4.0
2024-07-14,Ph01_Z01_C01,9.504E+12,4.0,0.0,1.0,2.0,1.4285714285714286,1.7142857142857142,6,1,7,2.0
2024-07-15,Ph01_Z01_C01,9.504E+12,2.0,4.0,2.0,4.0,1.4285714285714286,1.5714285714285714,0,0,7,0.0
2024-07-16,Ph01_Z01_C01,9.504E+12,0.0,2.0,0.0,1.0,1.4285714285714286,1.5,1,0,7,0.0
2024-07-17,Ph01_Z01_C01,9.504E+12,0.0,0.0,1.0,4.0,1.2857142857142858,1.2142857142857142,2,0,7,2.0
2024-07-18,Ph01_Z01_C01,9.504E+12,2.0,0.0,2.0,0.0,1.2857142857142858,1.3571428571428572,3,0,7,1.0
2024-07-19,Ph01_Z01_C01,9.504E+12,1.0,2.0,1.0,3.0,1.2857142857142858,1.2142857142857142,4,0,7,4.0
2024-07-20,Ph01_Z01_C01,9.504E+12,4.0,1.0,0.0,1.0,1.8571428571428572,1.4285714285714286,5,1,7,0.0
2024-07-21,Ph01_Z01_C01,9.504E+12,0.0,4.0,4.0,1.0,1.2857142857142858,1.3571428571428572,6,1,7,0.0
2024-07-22,Ph01_Z01_C01,9.504E+12,0.0,0.0,2.0,2.0,1.0,1.2142857142857142,0,0,7,1.0
2024-07-23,Ph01_Z01_C01,9.504E+12,1.0,0.0,0.0,0.0,1.1428571428571428,1.2857142857142858,1,0,7,0.0
2024-07-24,Ph01_Z01_C01,9.504E+12,0.0,1.0,0.0,1.0,1.1428571428571428,1.2142857142857142,2,0,7,1.0
2024-07-25,Ph01_Z01_C01,9.504E+12,1.0,0.0,2.0,2.0,1.0,1.1428571428571428,3,0,7,1.0
2024-07-26,Ph01_Z01_C01,9.504E+12,1.0,1.0,1.0,1.0,1.0,1.1428571428571428,4,0,7,2.0
2024-07-27,Ph01_Z01_C01,9.504E+12,2.0,1.0,4.0,0.0,0.7142857142857143,1.2857142857142858,5,1,7,3.0
2024-07-28,Ph01_Z01_C01,9.504E+12,3.0,2.0,0.0,4.0,1.1428571428571428,1.2142857142857142,6,1,7,3.0
2024-07-29,Ph01_Z01_C01,9.504E+12,3.0,3.0,0.0,2.0,1.5714285714285714,1.2857142857142858,0,0,7,2.0
2024-07-30,Ph01_Z01_C01,9.504E+12,2.0,3.0,1.0,0.0,1.7142857142857142,1.4285714285714286,1,0,7,1.0
2024-07-31,Ph01_Z01_C01,9.504E+12,1.0,2.0,0.0,0.0,1.8571428571428572,1.5,2,0,7,0.0
2024-08-01,Ph01_Z01_C01,9.504E+12,0.0,1.0,1.0,2.0,1.7142857142857142,1.3571428571428572,3,0,8,2.0
2024-08-02,Ph01_Z01_C01,9.504E+12,2.0,0.0,1.0,1.0,1.8571428571428572,1.4285714285714286,4,0,8,2.0
2024-08-03,Ph01_Z01_C01,9.504E+12,2.0,2.0,2.0,4.0,1.8571428571428572,1.2857142857142858,5,1,8,2.0
2024-08-04,Ph01_Z01_C01,9.504E+12,2.0,2.0,3.0,0.0,1.7142857142857142,1.4285714285714286,6,1,8,3.0
2024-08-05,Ph01_Z01_C01,9.504E+12,3.0,2.0,3.0,0.0,1.7142857142857142,1.6428571428571428,0,0,8,1.0
2024-08-06,Ph01_Z01_C01,9.504E+12,1.0,3.0,2.0,1.0,1.5714285714285714,1.6428571428571428,1,0,8,6.0
2024-08-07,Ph01_Z01_C01,9.504E+12,6.0,1.0,1.0,0.0,2.2857142857142856,2.0714285714285716,2,0,8,1.0
2024-08-08,Ph01_Z01_C01,9.504E+12,1.0,6.0,0.0,1.0,2.4285714285714284,2.0714285714285716,3,0,8,1.0
2024-08-09,Ph01_Z01_C01,9.504E+12,1.0,1.0,2.0,1.0,2.2857142857142856,2.0714285714285716,4,0,8,1.0
2024-08-10,Ph01_Z01_C01,9.504E+12,1.0,1.0,2.0,2.0,2.142857142857143,2.0,5,1,8,4.0
2024-08-11,Ph01_Z01_C01,9.504E+12,4.0,1.0,2.0,3.0,2.4285714285714284,2.0714285714285716,6,1,8,1.0
2024-08-12,Ph01_Z01_C01,9.504E+12,1.0,4.0,3.0,3.0,2.142857142857143,1.9285714285714286,0,0,8,1.0
2024-08-13,Ph01_Z01_C01,9.504E+12,1.0,1.0,1.0,2.0,2.142857142857143,1.8571428571428572,1,0,8,0.0
2024-08-14,Ph01_Z01_C01,9.504E+12,0.0,1.0,6.0,1.0,1.2857142857142858,1.7857142857142858,2,0,8,0.0
2024-08-15,Ph01_Z01_C01,9.504E+12,0.0,0.0,1.0,0.0,1.1428571428571428,1.7857142857142858,3,0,8,1.0
2024-08-16,Ph01_Z01_C01,9.504E+12,1.0,0.0,1.0,2.0,1.1428571428571428,1.7142857142857142,4,0,8,1.0
2024-08-17,Ph01_Z01_C01,9.504E+12,1.0,1.0,1.0,2.0,1.1428571428571428,1.6428571428571428,5,1,8,0.0
2024-08-18,Ph01_Z01_C01,9.504E+12,0.0,1.0,4.0,2.0,0.5714285714285714,1.5,6,1,8,2.0
2024-08-19,Ph01_Z01_C01,9.504E+12,2.0,0.0,1.0,3.0,0.7142857142857143,1.4285714285714286,0,0,8,0.0
2024-08-20,Ph01_Z01_C01,9.504E+12,0.0,2.0,1.0,1.0,0.5714285714285714,1.3571428571428572,1,0,8,2.0
2024-08-21,Ph01_Z01_C01,9.504E+12,2.0,0.0,0.0,6.0,0.8571428571428571,1.0714285714285714,2,0,8,1.0
2024-08-22,Ph01_Z01_C01,9.504E+12,1.0,2.0,0.0,1.0,1.0,1.0714285714285714,3,0,8,2.0
2024-08-23,Ph01_Z01_C01,9.504E+12,2.0,1.0,1.0,1.0,1.1428571428571428,1.1428571428571428,4,0,8,2.0
2024-08-24,Ph01_Z01_C01,9.504E+12,2.0,2.0,1.0,1.0,1.2857142857142858,1.2142857142857142,5,1,8,2.0
2024-08-25,Ph01_Z01_C01,9.504E+12,2.0,2.0,0.0,4.0,1.5714285714285714,1.0714285714285714,6,1,8,0.0
2024-08-26,Ph01_Z01_C01,9.504E+12,0.0,2.0,2.0,1.0,1.2857142857142858,1.0,0,0,8,2.0
2024-08-27,Ph01_Z01_C01,9.504E+12,2.0,0.0,0.0,1.0,1.5714285714285714,1.0714285714285714,1,0,8,2.0
2024-08-28,Ph01_Z01_C01,9.504E+12,2.0,2.0,2.0,0.0,1.5714285714285714,1.2142857142857142,2,0,8,2.0
2024-08-29,Ph01_Z01_C01,9.504E+12,2.0,2.0,1.0,0.0,1.7142857142857142,1.3571428571428572,3,0,8,1.0
2024-08-30,Ph01_Z01_C01,9.504E+12,1.0,2.0,2.0,1.0,1.5714285714285714,1.3571428571428572,4,0,8,0.0
2024-08-31,Ph01_Z01_C01,9.504E+12,0.0,1.0,2.0,1.0,1.2857142857142858,1.2857142857142858,5,1,8,2.0
2024-09-01,Ph01_Z01_C01,9.504E+12,2.0,0.0,2.0,0.0,1.2857142857142858,1.4285714285714286,6,1,9,4.0
2024-09-02,Ph01_Z01_C01,9.504E+12,4.0,2.0,0.0,2.0,1.8571428571428572,1.5714285714285714,0,0,9,6.0
2024-09-03,Ph01_Z01_C01,9.504E+12,6.0,4.0,2.0,0.0,2.4285714285714284,2.0,1,0,9,0.0
2024-09-04,Ph01_Z01_C01,9.504E+12,0.0,6.0,2.0,2.0,2.142857142857143,1.8571428571428572,2,0,9,1.0
2024-09-05,Ph01_Z01_C01,9.504E+12,1.0,0.0,2.0,1.0,2.0,1.8571428571428572,3,0,9,2.0
2024-09-06,Ph01_Z01_C01,9.504E+12,2.0,1.0,1.0,2.0,2.142857142857143,1.8571428571428572,4,0,9,2.0
2024-09-07,Ph01_Z01_C01,9.504E+12,2.0,2.0,0.0,2.0,2.4285714285714284,1.8571428571428572,5,1,9,0.0
2024-09-08,Ph01_Z01_C01,9.504E+12,0.0,2.0,2.0,2.0,2.142857142857143,1.7142857142857142,6,1,9,1.0
2024-09-09,Ph01_Z01_C01,9.504E+12,1.0,0.0,4.0,0.0,1.7142857142857142,1.7857142857142858,0,0,9,0.0
2024-09-10,Ph01_Z01_C01,9.504E+12,0.0,1.0,6.0,2.0,0.8571428571428571,1.6428571428571428,1,0,9,1.0
2024-09-11,Ph01_Z01_C01,9.504E+12,1.0,0.0,0.0,2.0,1.0,1.5714285714285714,2,0,9,1.0
2024-09-12,Ph01_Z01_C01,9.504E+12,1.0,1.0,1.0,2.0,1.0,1.5,3,0,9,2.0
2024-09-13,Ph01_Z01_C01,9.504E+12,2.0,1.0,2.0,1.0,1.0,1.5714285714285714,4,0,9,0.0
2024-09-14,Ph01_Z01_C01,9.504E+12,0.0,2.0,2.0,0.0,0.7142857142857143,1.5714285714285714,5,1,9,3.0
2024-09-15,Ph01_Z01_C01,9.504E+12,3.0,0.0,0.0,2.0,1.1428571428571428,1.6428571428571428,6,1,9,1.0
2024-09-16,Ph01_Z01_C01,9.504E+12,1.0,3.0,1.0,4.0,1.1428571428571428,1.4285714285714286,0,0,9,0.0
2024-09-17,Ph01_Z01_C01,9.504E+12,0.0,1.0,0.0,6.0,1.1428571428571428,1.0,1,0,9,0.0
2024-09-18,Ph01_Z01_C01,9.504E+12,0.0,0.0,1.0,0.0,1.0,1.0,2,0,9,3.0
2024-09-19,Ph01_Z01_C01,9.504E+12,3.0,0.0,1.0,1.0,1.2857142857142858,1.1428571428571428,3,0,9,5.0
2024-09-20,Ph01_Z01_C01,9.504E+12,5.0,3.0,2.0,2.0,1.7142857142857142,1.3571428571428572,4,0,9,0.0
2024-09-21,Ph01_Z01_C01,9.504E+12,0.0,5.0,0.0,2.0,1.7142857142857142,1.2142857142857142,5,1,9,4.0
2024-09-22,Ph01_Z01_C01,9.504E+12,4.0,0.0,3.0,0.0,1.8571428571428572,1.5,6,1,9,1.0
2024-09-23,Ph01_Z01_C01,9.504E+12,1.0,4.0,1.0,1.0,1.8571428571428572,1.5,0,0,9,1.0
2024-09-24,Ph01_Z01_C01,9.504E+12,1.0,1.0,0.0,0.0,2.0,1.5714285714285714,1,0,9,1.0
2024-09-25,Ph01_Z01_C01,9.504E+12,1.0,1.0,0.0,1.0,2.142857142857143,1.5714285714285714,2,0,9,3.0
2024-09-26,Ph01_Z01_C01,9.504E+12,3.0,1.0,3.0,1.0,2.142857142857143,1.7142857142857142,3,0,9,3.0
2024-09-27,Ph01_Z01_C01,9.504E+12,3.0,3.0,5.0,2.0,1.8571428571428572,1.7857142857142858,4,0,9,1.0
2024-09-28,Ph01_Z01_C01,9.504E+12,1.0,3.0,0.0,0.0,2.0,1.8571428571428572,5,1,9,2.0
2024-09-29,Ph01_Z01_C01,9.504E+12,2.0,1.0,4.0,3.0,1.7142857142857142,1.7857142857142858,6,1,9,0.0
2024-09-30,Ph01_Z01_C01,9.504E+12,0.0,2.0,1.0,1.0,1.5714285714285714,1.7142857142857142,0,0,9,1.0
2024-10-01,Ph01_Z01_C01,9.504E+12,1.0,0.0,1.0,0.0,1.5714285714285714,1.7857142857142858,1,0,10,1.0
2024-10-02,Ph01_Z01_C01,9.504E+12,1.0,1.0,1.0,0.0,1.5714285714285714,1.8571428571428572,2,0,10,2.0
2024-10-03,Ph01_Z01_C01,9.504E+12,2.0,1.0,3.0,3.0,1.4285714285714286,1.7857142857142858,3,0,10,1.0
2024-10-04,Ph01_Z01_C01,9.504E+12,1.0,2.0,3.0,5.0,1.1428571428571428,1.5,4,0,10,2.0
2024-10-05,Ph01_Z01_C01,9.504E+12,2.0,1.0,1.0,0.0,1.2857142857142858,1.6428571428571428,5,1,10,1.0
2024-10-06,Ph01_Z01_C01,9.504E+12,1.0,2.0,2.0,4.0,1.1428571428571428,1.4285714285714286,6,1,10,1.0
2024-10-07,Ph01_Z01_C01,9.504E+12,1.0,1.0,0.0,1.0,1.2857142857142858,1.4285714285714286,0,0,10,2.0
2024-10-08,Ph01_Z01_C01,9.504E+12,2.0,1.0,1.0,1.0,1.4285714285714286,1.5,1,0,10,0.0
2024-10-09,Ph01_Z01_C01,9.504E+12,0.0,2.0,1.0,1.0,1.2857142857142858,1.4285714285714286,2,0,10,0.0
2024-10-10,Ph01_Z01_C01,9.504E+12,0.0,0.0,2.0,3.0,1.0,1.2142857142857142,3,0,10,2.0
2024-10-11,Ph01_Z01_C01,9.504E+12,2.0,0.0,1.0,3.0,1.1428571428571428,1.1428571428571428,4,0,10,2.0
2024-10-12,Ph01_Z01_C01,9.504E+12,2.0,2.0,2.0,1.0,1.1428571428571428,1.2142857142857142,5,1,10,0.0
2024-10-13,Ph01_Z01_C01,9.504E+12,0.0,2.0,1.0,2.0,1.0,1.0714285714285714,6,1,10,1.0
2024-10-14,Ph01_Z01_C01,9.504E+12,1.0,0.0,1.0,0.0,1.0,1.1428571428571428,0,0,10,0.0
2024-10-15,Ph01_Z01_C01,9.504E+12,0.0,1.0,2.0,1.0,0.7142857142857143,1.0714285714285714,1,0,10,1.0
2024-10-16,Ph01_Z01_C01,9.504E+12,1.0,0.0,0.0,1.0,0.8571428571428571,1.0714285714285714,2,0,10,0.0
2024-10-17,Ph01_Z01_C01,9.504E+12,0.0,1.0,0.0,2.0,0.8571428571428571,0.9285714285714286,3,0,10,3.0
2024-10-18,Ph01_Z01_C01,9.504E+12,3.0,0.0,2.0,1.0,1.0,1.0714285714285714,4,0,10,2.0
2024-10-19,Ph01_Z01_C01,9.504E+12,2.0,3.0,2.0,2.0,1.0,1.0714285714285714,5,1,10,3.0
2024-10-20,Ph01_Z01_C01,9.504E+12,3.0,2.0,0.0,1.0,1.4285714285714286,1.2142857142857142,6,1,10,1.0
2024-10-21,Ph01_Z01_C01,9.504E+12,1.0,3.0,1.0,1.0,1.4285714285714286,1.2142857142857142,0,0,10,2.0
2024-10-22,Ph01_Z01_C01,9.504E+12,2.0,1.0,0.0,2.0,1.7142857142857142,1.2142857142857142,1,0,10,4.0
2024-10-23,Ph01_Z01_C01,9.504E+12,4.0,2.0,1.0,0.0,2.142857142857143,1.5,2,0,10,0.0
2024-10-24,Ph01_Z01_C01,9.504E+12,0.0,4.0,0.0,0.0,2.142857142857143,1.5,3,0,10,0.0
2024-10-25,Ph01_Z01_C01,9.504E+12,0.0,0.0,3.0,2.0,1.7142857142857142,1.3571428571428572,4,0,10,0.0
2024-10-26,Ph01_Z01_C01,9.504E+12,0.0,0.0,2.0,2.0,1.4285714285714286,1.2142857142857142,5,1,10,1.0
2024-10-27,Ph01_Z01_C01,9.504E+12,1.0,0.0,3.0,0.0,1.1428571428571428,1.2857142857142858,6,1,10,0.0
2024-10-28,Ph01_Z01_C01,9.504E+12,0.0,1.0,1.0,1.0,1.0,1.2142857142857142,0,0,10,1.0
2024-10-29,Ph01_Z01_C01,9.504E+12,1.0,0.0,2.0,0.0,0.8571428571428571,1.2857142857142858,1,0,10,1.0
2024-10-30,Ph01_Z01_C01,9.504E+12,1.0,1.0,4.0,1.0,0.42857142857142855,1.2857142857142858,2,0,10,0.0
2024-10-31,Ph01_Z01_C01,9.504E+12,0.0,1.0,0.0,0.0,0.42857142857142855,1.2857142857142858,3,0,10,0.0
2024-01-01,Ph01_Z01_C01,A00096,5.0,0.0,0.0,0.0,5.0,5.0,0,0,1,0.0
2024-01-02,Ph01_Z01_C01,A00096,0.0,5.0,0.0,0.0,2.5,2.5,1,0,1,0.0
2024-01-03,Ph01_Z01_C01,A00096,0.0,0.0,0.0,0.0,1.6666666666666667,1.6666666666666667,2,0,1,0.0
2024-01-04,Ph01_Z01_C01,A00096,0.0,0.0,0.0,0.0,1.25,1.25,3,0,1,1.0
2024-01-05,Ph01_Z01_C01,A00096,1.0,0.0,0.0,0.0,1.2,1.2,4,0,1,1.0
2024-01-06,Ph01_Z01_C01,A00096,1.0,1.0,0.0,0.0,1.1666666666666667,1.1666666666666667,5,1,1,1.0
2024-01-07,Ph01_Z01_C01,A00096,1.0,1.0,0.0,0.0,1.1428571428571428,1.1428571428571428,6,1,1,2.0
2024-01-08,Ph01_Z01_C01,A00096,2.0,1.0,5.0,0.0,0.7142857142857143,1.25,0,0,1,0.0
2024-01-09,Ph01_Z01_C01,A00096,0.0,2.0,0.0,0.0,0.7142857142857143,1.1111111111111112,1,0,1,1.0
2024-01-10,Ph01_Z01_C01,A00096,1.0,0.0,0.0,0.0,0.8571428571428571,1.1,2,0,1,3.0
2024-01-11,Ph01_Z01_C01,A00096,3.0,1.0,0.0,0.0,1.2857142857142858,1.2727272727272727,3,0,1,5.0
2024-01-12,Ph01_Z01_C01,A00096,5.0,3.0,1.0,0.0,1.8571428571428572,1.5833333333333333,4,0,1,2.0
2024-01-13,Ph01_Z01_C01,A00096,2.0,5.0,1.0,0.0,2.0,1.6153846153846154,5,1,1,0.0
2024-01-14,Ph01_Z01_C01,A00096,0.0,2.0,1.0,0.0,1.8571428571428572,1.5,6,1,1,4.0
2024-01-15,Ph01_Z01_C01,A00096,4.0,0.0,2.0,5.0,2.142857142857143,1.4285714285714286,0,0,1,0.0
2024-01-16,Ph01_Z01_C01,A00096,0.0,4.0,0.0,0.0,2.142857142857143,1.4285714285714286,1,0,1,0.0
2024-01-17,Ph01_Z01_C01,A00096,0.0,0.0,1.0,0.0,2.0,1.4285714285714286,2,0,1,2.0
2024-01-18,Ph01_Z01_C01,A00096,2.0,0.0,3.0,0.0,1.8571428571428572,1.5714285714285714,3,0,1,0.0
2024-01-19,Ph01_Z01_C01,A00096,0.0,2.0,5.0,1.0,1.1428571428571428,1.5,4,0,1,2.0
2024-01-20,Ph01_Z01_C01,A00096,2.0,0.0,2.0,1.0,1.1428571428571428,1.5714285714285714,5,1,1,0.0
2024-01-21,Ph01_Z01_C01,A00096,0.0,2.0,0.0,1.0,1.1428571428571428,1.5,6,1,1,0.0
2024-01-22,Ph01_Z01_C01,A00096,0.0,0.0,4.0,2.0,0.5714285714285714,1.3571428571428572,0,0,1,0.0
2024-01-23,Ph01_Z01_C01,A00096,0.0,0.0,0.0,0.0,0.5714285714285714,1.3571428571428572,1,0,1,0.0
2024-01-24,Ph01_Z01_C01,A00096,0.0,0.0,0.0,1.0,0.5714285714285714,1.2857142857142858,2,0,1,0.0
2024-01-25,Ph01_Z01_C01,A00096,0.0,0.0,2.0,3.0,0.2857142857142857,1.0714285714285714,3,0,1,2.0
2024-01-26,Ph01_Z01_C01,A00096,2.0,0.0,0.0,5.0,0.5714285714285714,0.8571428571428571,4,0,1,0.0
2024-01-27,Ph01_Z01_C01,A00096,0.0,2.0,2.0,2.0,0.2857142857142857,0.7142857142857143,5,1,1,2.0
2024-01-28,Ph01_Z01_C01,A00096,2.0,0.0,0.0,0.0,0.5714285714285714,0.8571428571428571,6,1,1,0.0
2024-01-29,Ph01_Z01_C01,A00096,0.0,2.0,0.0,4.0,0.5714285714285714,0.5714285714285714,0,0,1,0.0
2024-01-30,Ph01_Z01_C01,A00096,0.0,0.0,0.0,0.0,0.5714285714285714,0.5714285714285714,1,0,1,2.0
2024-01-31,Ph01_Z01_C01,A00096,2.0,0.0,0.0,0.0,0.8571428571428571,0.7142857142857143,2,0,1,1.0
2024-02-01,Ph01_Z01_C01,A00096,1.0,2.0,0.0,2.0,1.0,0.6428571428571429,3,0,2,0.0
2024-02-02,Ph01_Z01_C01,A00096,0.0,1.0,2.0,0.0,0.7142857142857143,0.6428571428571429,4,0,2,0.0
2024-02-03,Ph01_Z01_C01,A00096,0.0,0.0,0.0,2.0,0.7142857142857143,0.5,5,1,2,0.0
2024-02-04,Ph01_Z01_C01,A00096,0.0,0.0,2.0,0.0,0.42857142857142855,0.5,6,1,2,0.0
2024-02-05,Ph01_Z01_C01,A00096,0.0,0.0,0.0,0.0,0.42857142857142855,0.5,0,0,2,0.0
2024-02-06,Ph01_Z01_C01,A00096,0.0,0.0,0.0,0.0,0.42857142857142855,0.5,1,0,2,0.0
2024-02-07,Ph01_Z01_C01,A00096,0.0,0.0,2.0,0.0,0.14285714285714285,0.5,2,0,2,0.0
2024-02-08,Ph01_Z01_C01,A00096,0.0,0.0,1.0,0.0,0.0,0.5,3,0,2,0.0
2024-02-09,Ph01_Z01_C01,A00096,0.0,0.0,0.0,2.0,0.0,0.35714285714285715,4,0,2,0.0
2024-02-10,Ph01_Z01_C01,A00096,0.0,0.0,0.0,0.0,0.0,0.35714285714285715,5,1,2,0.0
2024-02-11,Ph01_Z01_C01,A00096,0.0,0.0,0.0,2.0,0.0,0.21428571428571427,6,1,2,1.0
2024-02-12,Ph01_Z01_C01,A00096,1.0,0.0,0.0,0.0,0.14285714285714285,0.2857142857142857,0,0,2,3.0
2024-02-13,Ph01_Z01_C01,A00096,3.0,1.0,0.0,0.0,0.5714285714285714,0.5,1,0,2,5.0
2024-02-14,Ph01_Z01_C01,A00096,5.0,3.0,0.0,2.0,1.2857142857142858,0.7142857142857143,2,0,2,1.0
2024-02-15,Ph01_Z01_C01,A00096,1.0,5.0,0.0,1.0,1.4285714285714286,0.7142857142857143,3,0,2,0.0
2024-02-16,Ph01_Z01_C01,A00096,0.0,1.0,0.0,0.0,1.4285714285714286,0.7142857142857143,4,0,2,2.0
2024-02-17,Ph01_Z01_C01,A00096,2.0,0.0,0.0,0.0,1.7142857142857142,0.8571428571428571,5,1,2,2.0
2024-02-18,Ph01_Z01_C01,A00096,2.0,2.0,0.0,0.0,2.0,1.0,6,1,2,2.0
2024-02-19,Ph01_Z01_C01,A00096,2.0,2.0,1.0,0.0,2.142857142857143,1.1428571428571428,0,0,2,2.0
2024-02-20,Ph01_Z01_C01,A00096,2.0,2.0,3.0,0.0,2.0,1.2857142857142858,1,0,2,1.0
2024-02-21,Ph01_Z01_C01,A00096,1.0,2.0,5.0,0.0,1.4285714285714286,1.3571428571428572,2,0,2,5.0
2024-02-22,Ph01_Z01_C01,A00096,5.0,1.0,1.0,0.0,2.0,1.7142857142857142,3,0,2,0.0
2024-02-23,Ph01_Z01_C01,A00096,0.0,5.0,0.0,0.0,2.0,1.7142857142857142,4,0,2,2.0
2024-02-24,Ph01_Z01_C01,A00096,2.0,0.0,2.0,0.0,2.0,1.8571428571428572,5,1,2,0.0
2024-02-25,Ph01_Z01_C01,A00096,0.0,2.0,2.0,0.0,1.7142857142857142,1.8571428571428572,6,1,2,3.0
2024-02-26,Ph01_Z01_C01,A00096,3.0,0.0,2.0,1.0,1.8571428571428572,2.0,0,0,2,0.0
2024-02-27,Ph01_Z01_C01,A00096,0.0,3.0,2.0,3.0,1.5714285714285714,1.7857142857142858,1,0,2,1.0
2024-02-28,Ph01_Z01_C01,A00096,1.0,0.0,1.0,5.0,1.5714285714285714,1.5,2,0,2,0.0
2024-02-29,Ph01_Z01_C01,A00096,0.0,1.0,5.0,1.0,0.8571428571428571,1.4285714285714286,3,0,2,0.0
2024-03-01,Ph01_Z01_C01,A00096,0.0,0.0,0.0,0.0,0.8571428571428571,1.4285714285714286,4,0,3,2.0
2024-03-02,Ph01_Z01_C01,A00096,2.0,0.0,2.0,2.0,0.8571428571428571,1.4285714285714286,5,1,3,0.0
2024-03-03,Ph01_Z01_C01,A00096,0.0,2.0,0.0,2.0,0.8571428571428571,1.2857142857142858,6,1,3,1.0
2024-03-04,Ph01_Z01_C01,A00096,1.0,0.0,3.0,2.0,0.5714285714285714,1.2142857142857142,0,0,3,1.0
2024-03-05,Ph01_Z01_C01,A00096,1.0,1.0,0.0,2.0,0.7142857142857143,1.1428571428571428,1,0,3,0.0
2024-03-06,Ph01_Z01_C01,A00096,0.0,1.0,1.0,1.0,0.5714285714285714,1.0714285714285714,2,0,3,4.0
2024-03-07,Ph01_Z01_C01,A00096,4.0,0.0,0.0,5.0,1.1428571428571428,1.0,3,0,3,0.0
2024-03-08,Ph01_Z01_C01,A00096,0.0,4.0,0.0,0.0,1.1428571428571428,1.0,4,0,3,1.0
2024-03-09,Ph01_Z01_C01,A00096,1.0,0.0,2.0,2.0,1.0,0.9285714285714286,5,1,3,1.0
2024-03-10,Ph01_Z01_C01,A00096,1.0,1.0,0.0,0.0,1.1428571428571428,1.0,6,1,3,1.0
2024-03-11,Ph01_Z01_C01,A00096,1.0,1.0,1.0,3.0,1.1428571428571428,0.8571428571428571,0,0,3,2.0
2024-03-12,Ph01_Z01_C01,A00096,2.0,1.0,1.0,0.0,1.2857142857142858,1.0,1,0,3,0.0
2024-03-13,Ph01_Z01_C01,A00096,0.0,2.0,0.0,1.0,1.2857142857142858,0.9285714285714286,2,0,3,2.0
2024-03-14,Ph01_Z01_C01,A00096,2.0,0.0,4.0,0.0,1.0,1.0714285714285714,3,0,3,0.0
2024-03-15,Ph01_Z01_C01,A00096,0.0,2.0,0.0,0.0,1.0,1.0714285714285714,4,0,3,4.0
2024-03-16,Ph01_Z01_C01,A00096,4.0,0.0,1.0,2.0,1.4285714285714286,1.2142857142857142,5,1,3,0.0
2024-03-17,Ph01_Z01_C01,A00096,0.0,4.0,1.0,0.0,1.2857142857142858,1.2142857142857142,6,1,3,0.0
2024-03-18,Ph01_Z01_C01,A00096,0.0,0.0,1.0,1.0,1.1428571428571428,1.1428571428571428,0,0,3,2.0
2024-03-19,Ph01_Z01_C01,A00096,2.0,0.0,2.0,1.0,1.1428571428571428,1.2142857142857142,1,0,3,1.0
2024-03-20,Ph01_Z01_C01,A00096,1.0,2.0,0.0,0.0,1.2857142857142858,1.2857142857142858,2,0,3,2.0
2024-03-21,Ph01_Z01_C01,A00096,2.0,1.0,2.0,4.0,1.2857142857142858,1.1428571428571428,3,0,3,1.0
2024-03-22,Ph01_Z01_C01,A00096,1.0,2.0,0.0,0.0,1.4285714285714286,1.2142857142857142,4,0,3,3.0
2024-03-23,Ph01_Z01_C01,A00096,3.0,1.0,4.0,1.0,1.2857142857142858,1.3571428571428572,5,1,3,0.0
2024-03-24,Ph01_Z01_C01,A00096,0.0,3.0,0.0,1.0,1.2857142857142858,1.2857142857142858,6,1,3,1.0
2024-03-25,Ph01_Z01_C01,A00096,1.0,0.0,0.0,1.0,1.4285714285714286,1.2857142857142858,0,0,3,1.0
2024-03-26,Ph01_Z01_C01,A00096,1.0,1.0,2.0,2.0,1.2857142857142858,1.2142857142857142,1,0,3,0.0
2024-03-27,Ph01_Z01_C01,A00096,0.0,1.0,1.0,0.0,1.1428571428571428,1.2142857142857142,2,0,3,2.0
2024-03-28,Ph01_Z01_C01,A00096,2.0,0.0,2.0,2.0,1.1428571428571428,1.2142857142857142,3,0,3,0.0
2024-03-29,Ph01_Z01_C01,A00096,0.0,2.0,1.0,0.0,1.0,1.2142857142857142,4,0,3,0.0
2024-03-30,Ph01_Z01_C01,A00096,0.0,0.0,3.0,4.0,0.5714285714285714,0.9285714285714286,5,1,3,0.0
2024-03-31,Ph01_Z01_C01,A00096,0.0,0.0,0.0,0.0,0.5714285714285714,0.9285714285714286,6,1,3,0.0
2024-04-01,Ph01_Z01_C01,A00096,0.0,0.0,1.0,0.0,0.42857142857142855,0.9285714285714286,0,0,4,0.0
2024-04-02,Ph01_Z01_C01,A00096,0.0,0.0,1.0,2.0,0.2857142857142857,0.7857142857142857,1,0,4,4.0
2024-04-03,Ph01_Z01_C01,A00096,4.0,0.0,0.0,1.0,0.8571428571428571,1.0,2,0,4,2.0
2024-04-04,Ph01_Z01_C01,A00096,2.0,4.0,2.0,2.0,0.8571428571428571,1.0,3,0,4,4.0
2024-04-05,Ph01_Z01_C01,A00096,4.0,2.0,0.0,1.0,1.4285714285714286,1.2142857142857142,4,0,4,2.0
2024-04-06,Ph01_Z01_C01,A00096,2.0,4.0,0.0,3.0,1.7142857142857142,1.1428571428571428,5,1,4,2.0
2024-04-07,Ph01_Z01_C01,A00096,2.0,2.0,0.0,0.0,2.0,1.2857142857142858,6,1,4,0.0
2024-04-08,Ph01_Z01_C01,A00096,0.0,2.0,0.0,1.0,2.0,1.2142857142857142,0,0,4,0.0
2024-04-09,Ph01_Z01_C01,A00096,0.0,0.0,0.0,1.0,2.0,1.1428571428571428,1,0,4,0.0
2024-04-10,Ph01_Z01_C01,A00096,0.0,0.0,4.0,0.0,1.4285714285714286,1.1428571428571428,2,0,4,1.0
2024-04-11,Ph01_Z01_C01,A00096,1.0,0.0,2.0,2.0,1.2857142857142858,1.0714285714285714,3,0,4,3.0
2024-04-12,Ph01_Z01_C01,A00096,3.0,1.0,4.0,0.0,1.1428571428571428,1.2857142857142858,4,0,4,1.0
2024-04-13,Ph01_Z01_C01,A00096,1.0,3.0,2.0,0.0,1.0,1.3571428571428572,5,1,4,3.0
2024-04-14,Ph01_Z01_C01,A00096,3.0,1.0,2.0,0.0,1.1428571428571428,1.5714285714285714,6,1,4,0.0
2024-04-15,Ph01_Z01_C01,A00096,0.0,3.0,0.0,0.0,1.1428571428571428,1.5714285714285714,0,0,4,1.0
2024-04-16,Ph01_Z01_C01,A00096,1.0,0.0,0.0,0.0,1.2857142857142858,1.6428571428571428,1,0,4,1.0
2024-04-17,Ph01_Z01_C01,A00096,1.0,1.0,0.0,4.0,1.4285714285714286,1.4285714285714286,2,0,4,1.0
2024-04-18,Ph01_Z01_C01,A00096,1.0,1.0,1.0,2.0,1.4285714285714286,1.3571428571428572,3,0,4,0.0
2024-04-19,Ph01_Z01_C01,A00096,0.0,1.0,3.0,4.0,1.0,1.0714285714285714,4,0,4,1.0
2024-04-20,Ph01_Z01_C01,A00096,1.0,0.0,1.0,2.0,1.0,1.0,5,1,4,0.0
2024-04-21,Ph01_Z01_C01,A00096,0.0,1.0,3.0,2.0,0.5714285714285714,0.8571428571428571,6,1,4,1.0
2024-04-22,Ph01_Z01_C01,A00096,1.0,0.0,0.0,0.0,0.7142857142857143,0.9285714285714286,0,0,4,0.0
2024-04-23,Ph01_Z01_C01,A00096,0.0,1.0,1.0,0.0,0.5714285714285714,0.9285714285714286,1,0,4,1.0
2024-04-24,Ph01_Z01_C01,A00096,1.0,0.0,1.0,0.0,0.5714285714285714,1.0,2,0,4,1.0
2024-04-25,Ph01_Z01_C01,A00096,1.0,1.0,1.0,1.0,0.5714285714285714,1.0,3,0,4,3.0
2024-04-26,Ph01_Z01_C01,A00096,3.0,1.0,0.0,3.0,1.0,1.0,4,0,4,0.0
2024-04-27,Ph01_Z01_C01,A00096,0.0,3.0,1.0,1.0,0.8571428571428571,0.9285714285714286,5,1,4,0.0
2024-04-28,Ph01_Z01_C01,A00096,0.0,0.0,0.0,3.0,0.8571428571428571,0.7142857142857143,6,1,4,1.0
2024-04-29,Ph01_Z01_C01,A00096,1.0,0.0,1.0,0.0,0.8571428571428571,0.7857142857142857,0,0,4,2.0
2024-04-30,Ph01_Z01_C01,A00096,2.0,1.0,0.0,1.0,1.1428571428571428,0.8571428571428571,1,0,4,0.0
2024-05-01,Ph01_Z01_C01,A00096,0.0,2.0,1.0,1.0,1.0,0.7857142857142857,2,0,5,0.0
2024-05-02,Ph01_Z01_C01,A00096,0.0,0.0,1.0,1.0,0.8571428571428571,0.7142857142857143,3,0,5,0.0
2024-05-03,Ph01_Z01_C01,A00096,0.0,0.0,3.0,0.0,0.42857142857142855,0.7142857142857143,4,0,5,0.0
2024-05-04,Ph01_Z01_C01,A00096,0.0,0.0,0.0,1.0,0.42857142857142855,0.6428571428571429,5,1,5,3.0
2024-05-05,Ph01_Z01_C01,A00096,3.0,0.0,0.0,0.0,0.8571428571428571,0.8571428571428571,6,1,5,0.0
2024-05-06,Ph01_Z01_C01,A00096,0.0,3.0,1.0,1.0,0.7142857142857143,0.7857142857142857,0,0,5,0.0
2024-05-07,Ph01_Z01_C01,A00096,0.0,0.0,2.0,0.0,0.42857142857142855,0.7857142857142857,1,0,5,0.0
2024-05-08,Ph01_Z01_C01,A00096,0.0,0.0,0.0,1.0,0.42857142857142855,0.7142857142857143,2,0,5,0.0
2024-05-09,Ph01_Z01_C01,A00096,0.0,0.0,0.0,1.0,0.42857142857142855,0.6428571428571429,3,0,5,1.0
2024-05-10,Ph01_Z01_C01,A00096,1.0,0.0,0.0,3.0,0.5714285714285714,0.5,4,0,5,3.0
2024-05-11,Ph01_Z01_C01,A00096,3.0,1.0,0.0,0.0,1.0,0.7142857142857143,5,1,5,1.0
2024-05-12,Ph01_Z01_C01,A00096,1.0,3.0,3.0,0.0,0.7142857142857143,0.7857142857142857,6,1,5,0.0
2024-05-13,Ph01_Z01_C01,A00096,0.0,1.0,0.0,1.0,0.7142857142857143,0.7142857142857143,0,0,5,2.0
2024-05-14,Ph01_Z01_C01,A00096,2.0,0.0,0.0,2.0,1.0,0.7142857142857143,1,0,5,1.0
2024-05-15,Ph01_Z01_C01,A00096,1.0,2.0,0.0,0.0,1.1428571428571428,0.7857142857142857,2,0,5,0.0
2024-05-16,Ph01_Z01_C01,A00096,0.0,1.0,0.0,0.0,1.1428571428571428,0.7857142857142857,3,0,5,0.0
2024-05-17,Ph01_Z01_C01,A00096,0.0,0.0,1.0,0.0,1.0,0.7857142857142857,4,0,5,0.0
2024-05-18,Ph01_Z01_C01,A00096,0.0,0.0,3.0,0.0,0.5714285714285714,0.7857142857142857,5,1,5,2.0
2024-05-19,Ph01_Z01_C01,A00096,2.0,0.0,1.0,3.0,0.7142857142857143,0.7142857142857143,6,1,5,3.0
2024-05-20,Ph01_Z01_C01,A00096,3.0,2.0,0.0,0.0,1.1428571428571428,0.9285714285714286,0,0,5,1.0
2024-05-21,Ph01_Z01_C01,A00096,1.0,3.0,2.0,0.0,1.0,1.0,1,0,5,1.0
2024-05-22,Ph01_Z01_C01,A00096,1.0,1.0,1.0,0.0,1.0,1.0714285714285714,2,0,5,2.0
2024-05-23,Ph01_Z01_C01,A00096,2.0,1.0,0.0,0.0,1.2857142857142858,1.2142857142857142,3,0,5,0.0
2024-05-24,Ph01_Z01_C01,A00096,0.0,2.0,0.0,1.0,1.2857142857142858,1.1428571428571428,4,0,5,0.0
2024-05-25,Ph01_Z01_C01,A00096,0.0,0.0,0.0,3.0,1.2857142857142858,0.9285714285714286,5,1,5,0.0
2024-05-26,Ph01_Z01_C01,A00096,0.0,0.0,2.0,1.0,1.0,0.8571428571428571,6,1,5,1.0
2024-05-27,Ph01_Z01_C01,A00096,1.0,0.0,3.0,0.0,0.7142857142857143,0.9285714285714286,0,0,5,1.0
2024-05-28,Ph01_Z01_C01,A00096,1.0,1.0,1.0,2.0,0.7142857142857143,0.8571428571428571,1,0,5,1.0
2024-05-29,Ph01_Z01_C01,A00096,1.0,1.0,1.0,1.0,0.7142857142857143,0.8571428571428571,2,0,5,0.0
2024-05-30,Ph01_Z01_C01,A00096,0.0,1.0,2.0,0.0,0.42857142857142855,0.8571428571428571,3,0,5,1.0
2024-05-31,Ph01_Z01_C01,A00096,1.0,0.0,0.0,0.0,0.5714285714285714,0.9285714285714286,4,0,5,0.0
2024-06-01,Ph01_Z01_C01,A00096,0.0,1.0,0.0,0.0,0.5714285714285714,0.9285714285714286,5,1,6,0.0
2024-06-02,Ph01_Z01_C01,A00096,0.0,0.0,0.0,2.0,0.5714285714285714,0.7857142857142857,6,1,6,1.0
2024-06-03,Ph01_Z01_C01,A00096,1.0,0.0,1.0,3.0,0.5714285714285714,0.6428571428571429,0,0,6,2.0
2024-06-04,Ph01_Z01_C01,A00096,2.0,1.0,1.0,1.0,0.7142857142857143,0.7142857142857143,1,0,6,1.0
2024-06-05,Ph01_Z01_C01,A00096,1.0,2.0,1.0,1.0,0.7142857142857143,0.7142857142857143,2,0,6,0.0
2024-06-06,Ph01_Z01_C01,A00096,0.0,1.0,0.0,2.0,0.7142857142857143,0.5714285714285714,3,0,6,0.0
2024-06-07,Ph01_Z01_C01,A00096,0.0,0.0,1.0,0.0,0.5714285714285714,0.5714285714285714,4,0,6,1.0
2024-06-08,Ph01_Z01_C01,A00096,1.0,0.0,0.0,0.0,0.7142857142857143,0.6428571428571429,5,1,6,2.0
2024-06-09,Ph01_Z01_C01,A00096,2.0,1.0,0.0,0.0,1.0,0.7857142857142857,6,1,6,0.0
2024-06-10,Ph01_Z01_C01,A00096,0.0,2.0,1.0,1.0,0.8571428571428571,0.7142857142857143,0,0,6,0.0
2024-06-11,Ph01_Z01_C01,A00096,0.0,0.0,2.0,1.0,0.5714285714285714,0.6428571428571429,1,0,6,2.0
2024-06-12,Ph01_Z01_C01,A00096,2.0,0.0,1.0,1.0,0.7142857142857143,0.7142857142857143,2,0,6,1.0
2024-06-13,Ph01_Z01_C01,A00096,1.0,2.0,0.0,0.0,0.8571428571428571,0.7857142857142857,3,0,6,1.0
2024-06-14,Ph01_Z01_C01,A00096,1.0,1.0,0.0,1.0,1.0,0.7857142857142857,4,0,6,0.0
2024-06-15,Ph01_Z01_C01,A00096,0.0,1.0,1.0,0.0,0.8571428571428571,0.7857142857142857,5,1,6,0.0
2024-06-16,Ph01_Z01_C01,A00096,0.0,0.0,2.0,0.0,0.5714285714285714,0.7857142857142857,6,1,6,0.0
2024-06-17,Ph01_Z01_C01,A00096,0.0,0.0,0.0,1.0,0.5714285714285714,0.7142857142857143,0,0,6,0.0
2024-06-18,Ph01_Z01_C01,A00096,0.0,0.0,0.0,2.0,0.5714285714285714,0.5714285714285714,1,0,6,0.0
2024-06-19,Ph01_Z01_C01,A00096,0.0,0.0,2.0,1.0,0.2857142857142857,0.5,2,0,6,0.0
2024-06-20,Ph01_Z01_C01,A00096,0.0,0.0,1.0,0.0,0.14285714285714285,0.5,3,0,6,0.0
2024-06-21,Ph01_Z01_C01,A00096,0.0,0.0,1.0,0.0,0.0,0.5,4,0,6,4.0
2024-06-22,Ph01_Z01_C01,A00096,4.0,0.0,0.0,1.0,0.5714285714285714,0.7142857142857143,5,1,6,0.0
2024-06-23,Ph01_Z01_C01,A00096,0.0,4.0,0.0,2.0,0.5714285714285714,0.5714285714285714,6,1,6,1.0
2024-06-24,Ph01_Z01_C01,A00096,1.0,0.0,0.0,0.0,0.7142857142857143,0.6428571428571429,0,0,6,1.0
2024-06-25,Ph01_Z01_C01,A00096,1.0,1.0,0.0,0.0,0.8571428571428571,0.7142857142857143,1,0,6,2.0
2024-06-26,Ph01_Z01_C01,A00096,2.0,1.0,0.0,2.0,1.1428571428571428,0.7142857142857143,2,0,6,1.0
2024-06-27,Ph01_Z01_C01,A00096,1.0,2.0,0.0,1.0,1.2857142857142858,0.7142857142857143,3,0,6,0.0
2024-06-28,Ph01_Z01_C01,A00096,0.0,1.0,0.0,1.0,1.2857142857142858,0.6428571428571429,4,0,6,1.0
2024-06-29,Ph01_Z01_C01,A00096,1.0,0.0,4.0,0.0,0.8571428571428571,0.7142857142857143,5,1,6,2.0
2024-06-30,Ph01_Z01_C01,A00096,2.0,1.0,0.0,0.0,1.1428571428571428,0.8571428571428571,6,1,6,5.0
2024-07-01,Ph01_Z01_C01,A00096,5.0,2.0,1.0,0.0,1.7142857142857142,1.2142857142857142,0,0,7,0.0
2024-07-02,Ph01_Z01_C01,A00096,0.0,5.0,1.0,0.0,1.5714285714285714,1.2142857142857142,1,0,7,0.0
2024-07-03,Ph01_Z01_C01,A00096,0.0,0.0,2.0,0.0,1.2857142857142858,1.2142857142857142,2,0,7,1.0
2024-07-04,Ph01_Z01_C01,A00096,1.0,0.0,1.0,0.0,1.2857142857142858,1.2857142857142858,3,0,7,1.0
2024-07-05,Ph01_Z01_C01,A00096,1.0,1.0,0.0,0.0,1.4285714285714286,1.3571428571428572,4,0,7,2.0
2024-07-06,Ph01_Z01_C01,A00096,2.0,1.0,1.0,4.0,1.5714285714285714,1.2142857142857142,5,1,7,0.0
2024-07-07,Ph01_Z01_C01,A00096,0.0,2.0,2.0,0.0,1.2857142857142858,1.2142857142857142,6,1,7,0.0
2024-07-08,Ph01_Z01_C01,A00096,0.0,0.0,5.0,1.0,0.5714285714285714,1.1428571428571428,0,0,7,1.0
2024-07-09,Ph01_Z01_C01,A00096,1.0,0.0,0.0,1.0,0.7142857142857143,1.1428571428571428,1,0,7,0.0
2024-07-10,Ph01_Z01_C01,A00096,0.0,1.0,0.0,2.0,0.7142857142857143,1.0,2,0,7,0.0
2024-07-11,Ph01_Z01_C01,A00096,0.0,0.0,1.0,1.0,0.5714285714285714,0.9285714285714286,3,0,7,0.0
2024-07-12,Ph01_Z01_C01,A00096,0.0,0.0,1.0,0.0,0.42857142857142855,0.9285714285714286,4,0,7,0.0
2024-07-13,Ph01_Z01_C01,A00096,0.0,0.0,2.0,1.0,0.14285714285714285,0.8571428571428571,5,1,7,0.0
2024-07-14,Ph01_Z01_C01,A00096,0.0,0.0,0.0,2.0,0.14285714285714285,0.7142857142857143,6,1,7,0.0
2024-07-15,Ph01_Z01_C01,A00096,0.0,0.0,0.0,5.0,0.14285714285714285,0.35714285714285715,0,0,7,0.0
2024-07-16,Ph01_Z01_C01,A00096,0.0,0.0,1.0,0.0,0.0,0.35714285714285715,1,0,7,1.0
2024-07-17,Ph01_Z01_C01,A00096,1.0,0.0,0.0,0.0,0.14285714285714285,0.42857142857142855,2,0,7,0.0
2024-07-18,Ph01_Z01_C01,A00096,0.0,1.0,0.0,1.0,0.14285714285714285,0.35714285714285715,3,0,7,1.0
2024-07-19,Ph01_Z01_C01,A00096,1.0,0.0,0.0,1.0,0.2857142857142857,0.35714285714285715,4,0,7,1.0
2024-07-20,Ph01_Z01_C01,A00096,1.0,1.0,0.0,2.0,0.42857142857142855,0.2857142857142857,5,1,7,2.0
2024-07-21,Ph01_Z01_C01,A00096,2.0,1.0,0.0,0.0,0.7142857142857143,0.42857142857142855,6,1,7,1.0
2024-07-22,Ph01_Z01_C01,A00096,1.0,2.0,0.0,0.0,0.8571428571428571,0.5,0,0,7,1.0
2024-07-23,Ph01_Z01_C01,A00096,1.0,1.0,0.0,1.0,1.0,0.5,1,0,7,1.0
2024-07-24,Ph01_Z01_C01,A00096,1.0,1.0,1.0,0.0,1.0,0.5714285714285714,2,0,7,1.0
2024-07-25,Ph01_Z01_C01,A00096,1.0,1.0,0.0,0.0,1.1428571428571428,0.6428571428571429,3,0,7,0.0
2024-07-26,Ph01_Z01_C01,A00096,0.0,1.0,1.0,0.0,1.0,0.6428571428571429,4,0,7,0.0
2024-07-27,Ph01_Z01_C01,A00096,0.0,0.0,1.0,0.0,0.8571428571428571,0.6428571428571429,5,1,7,0.0
2024-07-28,Ph01_Z01_C01,A00096,0.0,0.0,2.0,0.0,0.5714285714285714,0.6428571428571429,6,1,7,0.0
2024-07-29,Ph01_Z01_C01,A00096,0.0,0.0,1.0,0.0,0.42857142857142855,0.6428571428571429,0,0,7,0.0
2024-07-30,Ph01_Z01_C01,A00096,0.0,0.0,1.0,0.0,0.2857142857142857,0.6428571428571429,1,0,7,2.0
2024-07-31,Ph01_Z01_C01,A00096,2.0,0.0,1.0,1.0,0.42857142857142855,0.7142857142857143,2,0,7,0.0
2024-08-01,Ph01_Z01_C01,A00096,0.0,2.0,1.0,0.0,0.2857142857142857,0.7142857142857143,3,0,8,3.0
2024-08-02,Ph01_Z01_C01,A00096,3.0,0.0,0.0,1.0,0.7142857142857143,0.8571428571428571,4,0,8,0.0
2024-08-03,Ph01_Z01_C01,A00096,0.0,3.0,0.0,1.0,0.7142857142857143,0.7857142857142857,5,1,8,0.0
2024-08-04,Ph01_Z01_C01,A00096,0.0,0.0,0.0,2.0,0.7142857142857143,0.6428571428571429,6,1,8,6.0
2024-08-05,Ph01_Z01_C01,A00096,6.0,0.0,0.0,1.0,1.5714285714285714,1.0,0,0,8,0.0
2024-08-06,Ph01_Z01_C01,A00096,0.0,6.0,0.0,1.0,1.5714285714285714,0.9285714285714286,1,0,8,1.0
2024-08-07,Ph01_Z01_C01,A00096,1.0,0.0,2.0,1.0,1.4285714285714286,0.9285714285714286,2,0,8,0.0
2024-08-08,Ph01_Z01_C01,A00096,0.0,1.0,0.0,1.0,1.4285714285714286,0.8571428571428571,3,0,8,0.0
2024-08-09,Ph01_Z01_C01,A00096,0.0,0.0,3.0,0.0,1.0,0.8571428571428571,4,0,8,1.0
2024-08-10,Ph01_Z01_C01,A00096,1.0,0.0,0.0,0.0,1.1428571428571428,0.9285714285714286,5,1,8,1.0
2024-08-11,Ph01_Z01_C01,A00096,1.0,1.0,0.0,0.0,1.2857142857142858,1.0,6,1,8,0.0
2024-08-12,Ph01_Z01_C01,A00096,0.0,1.0,6.0,0.0,0.42857142857142855,1.0,0,0,8,0.0
2024-08-13,Ph01_Z01_C01,A00096,0.0,0.0,0.0,0.0,0.42857142857142855,1.0,1,0,8,4.0
2024-08-14,Ph01_Z01_C01,A00096,4.0,0.0,1.0,2.0,0.8571428571428571,1.1428571428571428,2,0,8,0.0
2024-08-15,Ph01_Z01_C01,A00096,0.0,4.0,0.0,0.0,0.8571428571428571,1.1428571428571428,3,0,8,1.0
2024-08-16,Ph01_Z01_C01,A00096,1.0,0.0,0.0,3.0,1.0,1.0,4,0,8,0.0
2024-08-17,Ph01_Z01_C01,A00096,0.0,1.0,1.0,0.0,0.8571428571428571,1.0,5,1,8,0.0
2024-08-18,Ph01_Z01_C01,A00096,0.0,0.0,1.0,0.0,0.7142857142857143,1.0,6,1,8,1.0
2024-08-19,Ph01_Z01_C01,A00096,1.0,0.0,0.0,6.0,0.8571428571428571,0.6428571428571429,0,0,8,0.0
2024-08-20,Ph01_Z01_C01,A00096,0.0,1.0,0.0,0.0,0.8571428571428571,0.6428571428571429,1,0,8,0.0
2024-08-21,Ph01_Z01_C01,A00096,0.0,0.0,4.0,1.0,0.2857142857142857,0.5714285714285714,2,0,8,0.0
2024-08-22,Ph01_Z01_C01,A00096,0.0,0.0,0.0,0.0,0.2857142857142857,0.5714285714285714,3,0,8,0.0
2024-08-23,Ph01_Z01_C01,A00096,0.0,0.0,1.0,0.0,0.14285714285714285,0.5714285714285714,4,0,8,1.0
2024-08-24,Ph01_Z01_C01,A00096,1.0,0.0,0.0,1.0,0.2857142857142857,0.5714285714285714,5,1,8,0.0
2024-08-25,Ph01_Z01_C01,A00096,0.0,1.0,0.0,1.0,0.2857142857142857,0.5,6,1,8,1.0
2024-08-26,Ph01_Z01_C01,A00096,1.0,0.0,1.0,0.0,0.2857142857142857,0.5714285714285714,0,0,8,12.0
2024-08-27,Ph01_Z01_C01,A00096,12.0,1.0,0.0,0.0,2.0,1.4285714285714286,1,0,8,1.0
2024-08-28,Ph01_Z01_C01,A00096,1.0,12.0,0.0,4.0,2.142857142857143,1.2142857142857142,2,0,8,0.0
2024-08-29,Ph01_Z01_C01,A00096,0.0,1.0,0.0,0.0,2.142857142857143,1.2142857142857142,3,0,8,0.0
2024-08-30,Ph01_Z01_C01,A00096,0.0,0.0,0.0,1.0,2.142857142857143,1.1428571428571428,4,0,8,0.0
2024-08-31,Ph01_Z01_C01,A00096,0.0,0.0,1.0,0.0,2.0,1.1428571428571428,5,1,8,1.0
2024-09-01,Ph01_Z01_C01,A00096,1.0,0.0,0.0,0.0,2.142857142857143,1.2142857142857142,6,1,9,1.0
2024-09-02,Ph01_Z01_C01,A00096,1.0,1.0,1.0,1.0,2.142857142857143,1.2142857142857142,0,0,9,0.0
2024-09-03,Ph01_Z01_C01,A00096,0.0,1.0,12.0,0.0,0.42857142857142855,1.2142857142857142,1,0,9,0.0
2024-09-04,Ph01_Z01_C01,A00096,0.0,0.0,1.0,0.0,0.2857142857142857,1.2142857142857142,2,0,9,1.0
2024-09-05,Ph01_Z01_C01,A00096,1.0,0.0,0.0,0.0,0.42857142857142855,1.2857142857142858,3,0,9,0.0
2024-09-06,Ph01_Z01_C01,A00096,0.0,1.0,0.0,0.0,0.42857142857142855,1.2857142857142858,4,0,9,5.0
2024-09-07,Ph01_Z01_C01,A00096,5.0,0.0,0.0,1.0,1.1428571428571428,1.5714285714285714,5,1,9,0.0
2024-09-08,Ph01_Z01_C01,A00096,0.0,5.0,1.0,0.0,1.0,1.5714285714285714,6,1,9,0.0
2024-09-09,Ph01_Z01_C01,A00096,0.0,0.0,1.0,1.0,0.8571428571428571,1.5,0,0,9,0.0
2024-09-10,Ph01_Z01_C01,A00096,0.0,0.0,0.0,12.0,0.8571428571428571,0.6428571428571429,1,0,9,1.0
2024-09-11,Ph01_Z01_C01,A00096,1.0,0.0,0.0,1.0,1.0,0.6428571428571429,2,0,9,0.0
2024-09-12,Ph01_Z01_C01,A00096,0.0,1.0,1.0,0.0,0.8571428571428571,0.6428571428571429,3,0,9,1.0
2024-09-13,Ph01_Z01_C01,A00096,1.0,0.0,0.0,0.0,1.0,0.7142857142857143,4,0,9,0.0
2024-09-14,Ph01_Z01_C01,A00096,0.0,1.0,5.0,0.0,0.2857142857142857,0.7142857142857143,5,1,9,1.0
2024-09-15,Ph01_Z01_C01,A00096,1.0,0.0,0.0,1.0,0.42857142857142855,0.7142857142857143,6,1,9,0.0
2024-09-16,Ph01_Z01_C01,A00096,0.0,1.0,0.0,1.0,0.42857142857142855,0.6428571428571429,0,0,9,0.0
2024-09-17,Ph01_Z01_C01,A00096,0.0,0.0,0.0,0.0,0.42857142857142855,0.6428571428571429,1,0,9,0.0
2024-09-18,Ph01_Z01_C01,A00096,0.0,0.0,1.0,0.0,0.2857142857142857,0.6428571428571429,2,0,9,0.0
2024-09-19,Ph01_Z01_C01,A00096,0.0,0.0,0.0,1.0,0.2857142857142857,0.5714285714285714,3,0,9,0.0
2024-09-20,Ph01_Z01_C01,A00096,0.0,0.0,1.0,0.0,0.14285714285714285,0.5714285714285714,4,0,9,0.0
2024-09-21,Ph01_Z01_C01,A00096,0.0,0.0,0.0,5.0,0.14285714285714285,0.21428571428571427,5,1,9,0.0
2024-09-22,Ph01_Z01_C01,A00096,0.0,0.0,1.0,0.0,0.0,0.21428571428571427,6,1,9,0.0
2024-09-23,Ph01_Z01_C01,A00096,0.0,0.0,0.0,0.0,0.0,0.21428571428571427,0,0,9,0.0
2024-09-24,Ph01_Z01_C01,A00096,0.0,0.0,0.0,0.0,0.0,0.21428571428571427,1,0,9,2.0
2024-09-25,Ph01_Z01_C01,A00096,2.0,0.0,0.0,1.0,0.2857142857142857,0.2857142857142857,2,0,9,1.0
2024-09-26,Ph01_Z01_C01,A00096,1.0,2.0,0.0,0.0,0.42857142857142855,0.35714285714285715,3,0,9,0.0
2024-09-27,Ph01_Z01_C01,A00096,0.0,1.0,0.0,1.0,0.42857142857142855,0.2857142857142857,4,0,9,2.0
2024-09-28,Ph01_Z01_C01,A00096,2.0,0.0,0.0,0.0,0.7142857142857143,0.42857142857142855,5,1,9,0.0
2024-09-29,Ph01_Z01_C01,A00096,0.0,2.0,0.0,1.0,0.7142857142857143,0.35714285714285715,6,1,9,0.0
2024-09-30,Ph01_Z01_C01,A00096,0.0,0.0,0.0,0.0,0.7142857142857143,0.35714285714285715,0,0,9,0.0
2024-10-01,Ph01_Z01_C01,A00096,0.0,0.0,0.0,0.0,0.7142857142857143,0.35714285714285715,1,0,10,0.0
2024-10-02,Ph01_Z01_C01,A00096,0.0,0.0,2.0,0.0,0.42857142857142855,0.35714285714285715,2,0,10,3.0
2024-10-03,Ph01_Z01_C01,A00096,3.0,0.0,1.0,0.0,0.7142857142857143,0.5714285714285714,3,0,10,0.0
2024-10-04,Ph01_Z01_C01,A00096,0.0,3.0,0.0,0.0,0.7142857142857143,0.5714285714285714,4,0,10,0.0
2024-10-05,Ph01_Z01_C01,A00096,0.0,0.0,2.0,0.0,0.42857142857142855,0.5714285714285714,5,1,10,0.0
2024-10-06,Ph01_Z01_C01,A00096,0.0,0.0,0.0,0.0,0.42857142857142855,0.5714285714285714,6,1,10,0.0
2024-10-07,Ph01_Z01_C01,A00096,0.0,0.0,0.0,0.0,0.42857142857142855,0.5714285714285714,0,0,10,3.0
2024-10-08,Ph01_Z01_C01,A00096,3.0,0.0,0.0,0.0,0.8571428571428571,0.7857142857142857,1,0,10,0.0
2024-10-09,Ph01_Z01_C01,A00096,0.0,3.0,0.0,2.0,0.8571428571428571,0.6428571428571429,2,0,10,0.0
2024-10-10,Ph01_Z01_C01,A00096,0.0,0.0,3.0,1.0,0.42857142857142855,0.5714285714285714,3,0,10,0.0
2024-10-11,Ph01_Z01_C01,A00096,0.0,0.0,0.0,0.0,0.42857142857142855,0.5714285714285714,4,0,10,0.0
2024-10-12,Ph01_Z01_C01,A00096,0.0,0.0,0.0,2.0,0.42857142857142855,0.42857142857142855,5,1,10,0.0
2024-10-13,Ph01_Z01_C01,A00096,0.0,0.0,0.0,0.0,0.42857142857142855,0.42857142857142855,6,1,10,2.0
2024-10-14,Ph01_Z01_C01,A00096,2.0,0.0,0.0,0.0,0.7142857142857143,0.5714285714285714,0,0,10,0.0
2024-10-15,Ph01_Z01_C01,A00096,0.0,2.0,3.0,0.0,0.2857142857142857,0.5714285714285714,1,0,10,2.0
2024-10-16,Ph01_Z01_C01,A00096,2.0,0.0,0.0,0.0,0.5714285714285714,0.7142857142857143,2,0,10,0.0
2024-10-17,Ph01_Z01_C01,A00096,0.0,2.0,0.0,3.0,0.5714285714285714,0.5,3,0,10,1.0
2024-10-18,Ph01_Z01_C01,A00096,1.0,0.0,0.0,0.0,0.7142857142857143,0.5714285714285714,4,0,10,2.0
2024-10-19,Ph01_Z01_C01,A00096,2.0,1.0,0.0,0.0,1.0,0.7142857142857143,5,1,10,0.0
2024-10-20,Ph01_Z01_C01,A00096,0.0,2.0,0.0,0.0,1.0,0.7142857142857143,6,1,10,1.0
2024-10-21,Ph01_Z01_C01,A00096,1.0,0.0,2.0,0.0,0.8571428571428571,0.7857142857142857,0,0,10,1.0
2024-10-22,Ph01_Z01_C01,A00096,1.0,1.0,0.0,3.0,1.0,0.6428571428571429,1,0,10,0.0
2024-10-23,Ph01_Z01_C01,A00096,0.0,1.0,2.0,0.0,0.7142857142857143,0.6428571428571429,2,0,10,0.0
2024-10-24,Ph01_Z01_C01,A00096,0.0,0.0,0.0,0.0,0.7142857142857143,0.6428571428571429,3,0,10,4.0
2024-10-25,Ph01_Z01_C01,A00096,4.0,0.0,1.0,0.0,1.1428571428571428,0.9285714285714286,4,0,10,50.0
2024-10-26,Ph01_Z01_C01,A00096,50.0,4.0,2.0,0.0,8.0,4.5,5,1,10,1.0
2024-10-27,Ph01_Z01_C01,A00096,1.0,50.0,0.0,0.0,8.142857142857142,4.571428571428571,6,1,10,0.0
2024-10-28,Ph01_Z01_C01,A00096,0.0,1.0,1.0,2.0,8.0,4.428571428571429,0,0,10,2.0
2024-10-29,Ph01_Z01_C01,A00096,2.0,0.0,1.0,0.0,8.142857142857142,4.571428571428571,1,0,10,0.0
2024-10-30,Ph01_Z01_C01,A00096,0.0,2.0,0.0,2.0,8.142857142857142,4.428571428571429,2,0,10,0.0
2024-10-31,Ph01_Z01_C01,A00096,0.0,0.0,0.0,0.0,8.142857142857142,4.428571428571429,3,0,10,1.0
2024-01-03,Ph01_Z01_C01,Auto-26,1.0,0.0,0.0,0.0,1.0,1.0,2,0,1,0.0
2024-01-04,Ph01_Z01_C01,Auto-26,0.0,1.0,0.0,0.0,0.5,0.5,3,0,1,0.0
2024-01-05,Ph01_Z01_C01,Auto-26,0.0,0.0,0.0,0.0,0.3333333333333333,0.3333333333333333,4,0,1,0.0
2024-01-06,Ph01_Z01_C01,Auto-26,0.0,0.0,0.0,0.0,0.25,0.25,5,1,1,0.0
2024-01-07,Ph01_Z01_C01,Auto-26,0.0,0.0,0.0,0.0,0.2,0.2,6,1,1,6.0
2024-01-08,Ph01_Z01_C01,Auto-26,6.0,0.0,0.0,0.0,1.1666666666666667,1.1666666666666667,0,0,1,0.0
2024-01-09,Ph01_Z01_C01,Auto-26,0.0,6.0,0.0,0.0,1.0,1.0,1,0,1,0.0
2024-01-10,Ph01_Z01_C01,Auto-26,0.0,0.0,1.0,0.0,0.8571428571428571,0.875,2,0,1,0.0
2024-01-11,Ph01_Z01_C01,Auto-26,0.0,0.0,0.0,0.0,0.8571428571428571,0.7777777777777778,3,0,1,0.0
2024-01-12,Ph01_Z01_C01,Auto-26,0.0,0.0,0.0,0.0,0.8571428571428571,0.7,4,0,1,0.0
2024-01-13,Ph01_Z01_C01,Auto-26,0.0,0.0,0.0,0.0,0.8571428571428571,0.6363636363636364,5,1,1,0.0
2024-01-14,Ph01_Z01_C01,Auto-26,0.0,0.0,0.0,0.0,0.8571428571428571,0.5833333333333334,6,1,1,0.0
2024-01-15,Ph01_Z01_C01,Auto-26,0.0,0.0,6.0,0.0,0.0,0.5384615384615384,0,0,1,0.0
2024-01-16,Ph01_Z01_C01,Auto-26,0.0,0.0,0.0,0.0,0.0,0.5,1,0,1,5.0
2024-01-17,Ph01_Z01_C01,Auto-26,5.0,0.0,0.0,1.0,0.7142857142857143,0.7857142857142857,2,0,1,6.0
2024-01-18,Ph01_Z01_C01,Auto-26,6.0,5.0,0.0,0.0,1.5714285714285714,1.2142857142857142,3,0,1,4.0
2024-01-19,Ph01_Z01_C01,Auto-26,4.0,6.0,0.0,0.0,2.142857142857143,1.5,4,0,1,0.0
2024-01-20,Ph01_Z01_C01,Auto-26,0.0,4.0,0.0,0.0,2.142857142857143,1.5,5,1,1,0.0
2024-01-21,Ph01_Z01_C01,Auto-26,0.0,0.0,0.0,0.0,2.142857142857143,1.5,6,1,1,1.0
2024-01-22,Ph01_Z01_C01,Auto-26,1.0,0.0,0.0,6.0,2.2857142857142856,1.1428571428571428,0,0,1,0.0
2024-01-23,Ph01_Z01_C01,Auto-26,0.0,1.0,0.0,0.0,2.2857142857142856,1.1428571428571428,1,0,1,3.0
2024-01-24,Ph01_Z01_C01,Auto-26,3.0,0.0,5.0,0.0,2.0,1.3571428571428572,2,0,1,27.0
2024-01-25,Ph01_Z01_C01,Auto-26,27.0,3.0,6.0,0.0,5.0,3.2857142857142856,3,0,1,0.0
2024-01-26,Ph01_Z01_C01,Auto-26,0.0,27.0,4.0,0.0,4.428571428571429,3.2857142857142856,4,0,1,0.0
2024-01-27,Ph01_Z01_C01,Auto-26,0.0,0.0,0.0,0.0,4.428571428571429,3.2857142857142856,5,1,1,13.0
2024-01-28,Ph01_Z01_C01,Auto-26,13.0,0.0,0.0,0.0,6.285714285714286,4.214285714285714,6,1,1,0.0
2024-01-29,Ph01_Z01_C01,Auto-26,0.0,13.0,1.0,0.0,6.142857142857143,4.214285714285714,0,0,1,2.0
2024-01-30,Ph01_Z01_C01,Auto-26,2.0,0.0,0.0,0.0,6.428571428571429,4.357142857142857,1,0,1,1.0
2024-01-31,Ph01_Z01_C01,Auto-26,1.0,2.0,3.0,5.0,6.142857142857143,4.071428571428571,2,0,1,2.0
2024-02-01,Ph01_Z01_C01,Auto-26,2.0,1.0,27.0,6.0,2.5714285714285716,3.7857142857142856,3,0,2,0.0
2024-02-02,Ph01_Z01_C01,Auto-26,0.0,2.0,0.0,4.0,2.5714285714285716,3.5,4,0,2,0.0
2024-02-03,Ph01_Z01_C01,Auto-26,0.0,0.0,0.0,0.0,2.5714285714285716,3.5,5,1,2,3.0
2024-02-04,Ph01_Z01_C01,Auto-26,3.0,0.0,13.0,0.0,1.1428571428571428,3.7142857142857144,6,1,2,3.0
2024-02-05,Ph01_Z01_C01,Auto-26,3.0,3.0,0.0,1.0,1.5714285714285714,3.857142857142857,0,0,2,0.0
2024-02-06,Ph01_Z01_C01,Auto-26,0.0,3.0,2.0,0.0,1.2857142857142858,3.857142857142857,1,0,2,35.0
2024-02-07,Ph01_Z01_C01,Auto-26,35.0,0.0,1.0,3.0,6.142857142857143,6.142857142857143,2,0,2,0.0
2024-02-08,Ph01_Z01_C01,Auto-26,0.0,35.0,2.0,27.0,5.857142857142857,4.214285714285714,3,0,2,0.0
2024-02-09,Ph01_Z01_C01,Auto-26,0.0,0.0,0.0,0.0,5.857142857142857,4.214285714285714,4,0,2,0.0
2024-02-10,Ph01_Z01_C01,Auto-26,0.0,0.0,0.0,0.0,5.857142857142857,4.214285714285714,5,1,2,7.0
2024-02-11,Ph01_Z01_C01,Auto-26,7.0,0.0,3.0,13.0,6.428571428571429,3.7857142857142856,6,1,2,0.0
2024-02-12,Ph01_Z01_C01,Auto-26,0.0,7.0,3.0,0.0,6.0,3.7857142857142856,0,0,2,0.0
2024-02-13,Ph01_Z01_C01,Auto-26,0.0,0.0,0.0,2.0,6.0,3.642857142857143,1,0,2,0.0
2024-02-14,Ph01_Z01_C01,Auto-26,0.0,0.0,35.0,1.0,1.0,3.5714285714285716,2,0,2,0.0
2024-02-15,Ph01_Z01_C01,Auto-26,0.0,0.0,0.0,2.0,1.0,3.4285714285714284,3,0,2,2.0
2024-02-16,Ph01_Z01_C01,Auto-26,2.0,0.0,0.0,0.0,1.2857142857142858,3.5714285714285716,4,0,2,0.0
2024-02-17,Ph01_Z01_C01,Auto-26,0.0,2.0,0.0,0.0,1.2857142857142858,3.5714285714285716,5,1,2,0.0
2024-02-18,Ph01_Z01_C01,Auto-26,0.0,0.0,7.0,3.0,0.2857142857142857,3.357142857142857,6,1,2,0.0
2024-02-19,Ph01_Z01_C01,Auto-26,0.0,0.0,0.0,3.0,0.2857142857142857,3.142857142857143,0,0,2,0.0
2024-02-20,Ph01_Z01_C01,Auto-26,0.0,0.0,0.0,0.0,0.2857142857142857,3.142857142857143,1,0,2,0.0
2024-02-21,Ph01_Z01_C01,Auto-26,0.0,0.0,0.0,35.0,0.2857142857142857,0.6428571428571429,2,0,2,0.0
2024-02-22,Ph01_Z01_C01,Auto-26,0.0,0.0,0.0,0.0,0.2857142857142857,0.6428571428571429,3,0,2,2.0
2024-02-23,Ph01_Z01_C01,Auto-26,2.0,0.0,2.0,0.0,0.2857142857142857,0.7857142857142857,4,0,2,0.0
2024-02-24,Ph01_Z01_C01,Auto-26,0.0,2.0,0.0,0.0,0.2857142857142857,0.7857142857142857,5,1,2,0.0
2024-02-25,Ph01_Z01_C01,Auto-26,0.0,0.0,0.0,7.0,0.2857142857142857,0.2857142857142857,6,1,2,0.0
2024-02-26,Ph01_Z01_C01,Auto-26,0.0,0.0,0.0,0.0,0.2857142857142857,0.2857142857142857,0,0,2,9.0
2024-02-27,Ph01_Z01_C01,Auto-26,9.0,0.0,0.0,0.0,1.5714285714285714,0.9285714285714286,1,0,2,0.0
2024-02-28,Ph01_Z01_C01,Auto-26,0.0,9.0,0.0,0.0,1.5714285714285714,0.9285714285714286,2,0,2,0.0
2024-02-29,Ph01_Z01_C01,Auto-26,0.0,0.0,0.0,0.0,1.5714285714285714,0.9285714285714286,3,0,2,0.0
2024-03-01,Ph01_Z01_C01,Auto-26,0.0,0.0,2.0,2.0,1.2857142857142858,0.7857142857142857,4,0,3,0.0
2024-03-02,Ph01_Z01_C01,Auto-26,0.0,0.0,0.0,0.0,1.2857142857142858,0.7857142857142857,5,1,3,0.0
2024-03-03,Ph01_Z01_C01,Auto-26,0.0,0.0,0.0,0.0,1.2857142857142858,0.7857142857142857,6,1,3,2.0
2024-03-04,Ph01_Z01_C01,Auto-26,2.0,0.0,0.0,0.0,1.5714285714285714,0.9285714285714286,0,0,3,0.0
2024-03-05,Ph01_Z01_C01,Auto-26,0.0,2.0,9.0,0.0,0.2857142857142857,0.9285714285714286,1,0,3,0.0
2024-03-06,Ph01_Z01_C01,Auto-26,0.0,0.0,0.0,0.0,0.2857142857142857,0.9285714285714286,2,0,3,0.0
2024-03-07,Ph01_Z01_C01,Auto-26,0.0,0.0,0.0,0.0,0.2857142857142857,0.9285714285714286,3,0,3,2.0
2024-03-08,Ph01_Z01_C01,Auto-26,2.0,0.0,0.0,2.0,0.5714285714285714,0.9285714285714286,4,0,3,0.0
2024-03-09,Ph01_Z01_C01,Auto-26,0.0,2.0,0.0,0.0,0.5714285714285714,0.9285714285714286,5,1,3,0.0
2024-03-10,Ph01_Z01_C01,Auto-26,0.0,0.0,0.0,0.0,0.5714285714285714,0.9285714285714286,6,1,3,0.0
2024-03-11,Ph01_Z01_C01,Auto-26,0.0,0.0,2.0,0.0,0.2857142857142857,0.9285714285714286,0,0,3,0.0
2024-03-12,Ph01_Z01_C01,Auto-26,0.0,0.0,0.0,9.0,0.2857142857142857,0.2857142857142857,1,0,3,0.0
2024-03-13,Ph01_Z01_C01,Auto-26,0.0,0.0,0.0,0.0,0.2857142857142857,0.2857142857142857,2,0,3,6.0
2024-03-14,Ph01_Z01_C01,Auto-26,6.0,0.0,0.0,0.0,1.1428571428571428,0.7142857142857143,3,0,3,0.0
2024-03-15,Ph01_Z01_C01,Auto-26,0.0,6.0,2.0,0.0,0.8571428571428571,0.7142857142857143,4,0,3,12.0
2024-03-16,Ph01_Z01_C01,Auto-26,12.0,0.0,0.0,0.0,2.5714285714285716,1.5714285714285714,5,1,3,0.0
2024-03-17,Ph01_Z01_C01,Auto-26,0.0,12.0,0.0,0.0,2.5714285714285716,1.5714285714285714,6,1,3,5.0
2024-03-18,Ph01_Z01_C01,Auto-26,5.0,0.0,0.0,2.0,3.2857142857142856,1.7857142857142858,0,0,3,0.0
2024-03-19,Ph01_Z01_C01,Auto-26,0.0,5.0,0.0,0.0,3.2857142857142856,1.7857142857142858,1,0,3,0.0
2024-03-20,Ph01_Z01_C01,Auto-26,0.0,0.0,0.0,0.0,3.2857142857142856,1.7857142857142858,2,0,3,0.0
2024-03-21,Ph01_Z01_C01,Auto-26,0.0,0.0,6.0,0.0,2.4285714285714284,1.7857142857142858,3,0,3,0.0
2024-03-22,Ph01_Z01_C01,Auto-26,0.0,0.0,0.0,2.0,2.4285714285714284,1.6428571428571428,4,0,3,8.0
2024-03-23,Ph01_Z01_C01,Auto-26,8.0,0.0,12.0,0.0,1.8571428571428572,2.2142857142857144,5,1,3,0.0
2024-03-24,Ph01_Z01_C01,Auto-26,0.0,8.0,0.0,0.0,1.8571428571428572,2.2142857142857144,6,1,3,8.0
2024-03-25,Ph01_Z01_C01,Auto-26,8.0,0.0,5.0,0.0,2.2857142857142856,2.7857142857142856,0,0,3,9.0
2024-03-26,Ph01_Z01_C01,Auto-26,9.0,8.0,0.0,0.0,3.5714285714285716,3.4285714285714284,1,0,3,2.0
2024-03-27,Ph01_Z01_C01,Auto-26,2.0,9.0,0.0,0.0,3.857142857142857,3.5714285714285716,2,0,3,0.0
2024-03-28,Ph01_Z01_C01,Auto-26,0.0,2.0,0.0,6.0,3.857142857142857,3.142857142857143,3,0,3,0.0
2024-03-29,Ph01_Z01_C01,Auto-26,0.0,0.0,0.0,0.0,3.857142857142857,3.142857142857143,4,0,3,2.0
2024-03-30,Ph01_Z01_C01,Auto-26,2.0,0.0,8.0,12.0,3.0,2.4285714285714284,5,1,3,5.0
2024-03-31,Ph01_Z01_C01,Auto-26,5.0,2.0,0.0,0.0,3.7142857142857144,2.7857142857142856,6,1,3,0.0
2024-04-01,Ph01_Z01_C01,Auto-26,0.0,5.0,8.0,5.0,2.5714285714285716,2.4285714285714284,0,0,4,0.0
2024-04-02,Ph01_Z01_C01,Auto-26,0.0,0.0,9.0,0.0,1.2857142857142858,2.4285714285714284,1,0,4,4.0
2024-04-03,Ph01_Z01_C01,Auto-26,4.0,0.0,2.0,0.0,1.5714285714285714,2.7142857142857144,2,0,4,0.0
2024-04-04,Ph01_Z01_C01,Auto-26,0.0,4.0,0.0,0.0,1.5714285714285714,2.7142857142857144,3,0,4,0.0
2024-04-05,Ph01_Z01_C01,Auto-26,0.0,0.0,0.0,0.0,1.5714285714285714,2.7142857142857144,4,0,4,0.0
2024-04-06,Ph01_Z01_C01,Auto-26,0.0,0.0,2.0,8.0,1.2857142857142858,2.142857142857143,5,1,4,4.0
2024-04-07,Ph01_Z01_C01,Auto-26,4.0,0.0,5.0,0.0,1.1428571428571428,2.4285714285714284,6,1,4,0.0
2024-04-08,Ph01_Z01_C01,Auto-26,0.0,4.0,0.0,8.0,1.1428571428571428,1.8571428571428572,0,0,4,8.0
2024-04-09,Ph01_Z01_C01,Auto-26,8.0,0.0,0.0,9.0,2.2857142857142856,1.7857142857142858,1,0,4,0.0
2024-04-10,Ph01_Z01_C01,Auto-26,0.0,8.0,4.0,2.0,1.7142857142857142,1.6428571428571428,2,0,4,5.0
2024-04-11,Ph01_Z01_C01,Auto-26,5.0,0.0,0.0,0.0,2.4285714285714284,2.0,3,0,4,0.0
2024-04-12,Ph01_Z01_C01,Auto-26,0.0,5.0,0.0,0.0,2.4285714285714284,2.0,4,0,4,3.0
2024-04-13,Ph01_Z01_C01,Auto-26,3.0,0.0,0.0,2.0,2.857142857142857,2.0714285714285716,5,1,4,2.0
2024-04-14,Ph01_Z01_C01,Auto-26,2.0,3.0,4.0,5.0,2.5714285714285716,1.8571428571428572,6,1,4,0.0
2024-04-15,Ph01_Z01_C01,Auto-26,0.0,2.0,0.0,0.0,2.5714285714285716,1.8571428571428572,0,0,4,0.0
2024-04-16,Ph01_Z01_C01,Auto-26,0.0,0.0,8.0,0.0,1.4285714285714286,1.8571428571428572,1,0,4,0.0
2024-04-17,Ph01_Z01_C01,Auto-26,0.0,0.0,0.0,4.0,1.4285714285714286,1.5714285714285714,2,0,4,0.0
2024-04-18,Ph01_Z01_C01,Auto-26,0.0,0.0,5.0,0.0,0.7142857142857143,1.5714285714285714,3,0,4,12.0
2024-04-19,Ph01_Z01_C01,Auto-26,12.0,0.0,0.0,0.0,2.4285714285714284,2.4285714285714284,4,0,4,0.0
2024-04-20,Ph01_Z01_C01,Auto-26,0.0,12.0,3.0,0.0,2.0,2.4285714285714284,5,1,4,2.0
2024-04-21,Ph01_Z01_C01,Auto-26,2.0,0.0,2.0,4.0,2.0,2.2857142857142856,6,1,4,0.0
2024-04-22,Ph01_Z01_C01,Auto-26,0.0,2.0,0.0,0.0,2.0,2.2857142857142856,0,0,4,3.0
2024-04-23,Ph01_Z01_C01,Auto-26,3.0,0.0,0.0,8.0,2.4285714285714284,1.9285714285714286,1,0,4,6.0
2024-04-24,Ph01_Z01_C01,Auto-26,6.0,3.0,0.0,0.0,3.2857142857142856,2.357142857142857,2,0,4,1.0
2024-04-25,Ph01_Z01_C01,Auto-26,1.0,6.0,0.0,5.0,3.4285714285714284,2.0714285714285716,3,0,4,0.0
2024-04-26,Ph01_Z01_C01,Auto-26,0.0,1.0,12.0,0.0,1.7142857142857142,2.0714285714285716,4,0,4,0.0
2024-04-27,Ph01_Z01_C01,Auto-26,0.0,0.0,0.0,3.0,1.7142857142857142,1.8571428571428572,5,1,4,0.0
2024-04-28,Ph01_Z01_C01,Auto-26,0.0,0.0,2.0,2.0,1.4285714285714286,1.7142857142857142,6,1,4,0.0
2024-04-29,Ph01_Z01_C01,Auto-26,0.0,0.0,0.0,0.0,1.4285714285714286,1.7142857142857142,0,0,4,10.0
2024-04-30,Ph01_Z01_C01,Auto-26,10.0,0.0,3.0,0.0,2.4285714285714284,2.4285714285714284,1,0,4,0.0
2024-05-01,Ph01_Z01_C01,Auto-26,0.0,10.0,6.0,0.0,1.5714285714285714,2.4285714285714284,2,0,5,4.0
2024-05-02,Ph01_Z01_C01,Auto-26,4.0,0.0,1.0,0.0,2.0,2.7142857142857144,3,0,5,3.0
2024-05-03,Ph01_Z01_C01,Auto-26,3.0,4.0,0.0,12.0,2.4285714285714284,2.0714285714285716,4,0,5,12.0
2024-05-04,Ph01_Z01_C01,Auto-26,12.0,3.0,0.0,0.0,4.142857142857143,2.9285714285714284,5,1,5,8.0
2024-05-05,Ph01_Z01_C01,Auto-26,8.0,12.0,0.0,2.0,5.285714285714286,3.357142857142857,6,1,5,0.0
2024-05-06,Ph01_Z01_C01,Auto-26,0.0,8.0,0.0,0.0,5.285714285714286,3.357142857142857,0,0,5,0.0
2024-05-07,Ph01_Z01_C01,Auto-26,0.0,0.0,10.0,3.0,3.857142857142857,3.142857142857143,1,0,5,0.0
2024-05-08,Ph01_Z01_C01,Auto-26,0.0,0.0,0.0,6.0,3.857142857142857,2.7142857142857144,2,0,5,0.0
2024-05-09,Ph01_Z01_C01,Auto-26,0.0,0.0,4.0,1.0,3.2857142857142856,2.642857142857143,3,0,5,4.0
2024-05-10,Ph01_Z01_C01,Auto-26,4.0,0.0,3.0,0.0,3.4285714285714284,2.9285714285714284,4,0,5,2.0
2024-05-11,Ph01_Z01_C01,Auto-26,2.0,4.0,12.0,0.0,2.0,3.0714285714285716,5,1,5,0.0
2024-05-12,Ph01_Z01_C01,Auto-26,0.0,2.0,8.0,0.0,0.8571428571428571,3.0714285714285716,6,1,5,0.0
2024-05-13,Ph01_Z01_C01,Auto-26,0.0,0.0,0.0,0.0,0.8571428571428571,3.0714285714285716,0,0,5,0.0
2024-05-14,Ph01_Z01_C01,Auto-26,0.0,0.0,0.0,10.0,0.8571428571428571,2.357142857142857,1,0,5,0.0
2024-05-15,Ph01_Z01_C01,Auto-26,0.0,0.0,0.0,0.0,0.8571428571428571,2.357142857142857,2,0,5,7.0
2024-05-16,Ph01_Z01_C01,Auto-26,7.0,0.0,0.0,4.0,1.8571428571428572,2.5714285714285716,3,0,5,0.0
2024-05-17,Ph01_Z01_C01,Auto-26,0.0,7.0,4.0,3.0,1.2857142857142858,2.357142857142857,4,0,5,0.0
2024-05-18,Ph01_Z01_C01,Auto-26,0.0,0.0,2.0,12.0,1.0,1.5,5,1,5,6.0
2024-05-19,Ph01_Z01_C01,Auto-26,6.0,0.0,0.0,8.0,1.8571428571428572,1.3571428571428572,6,1,5,0.0
2024-05-20,Ph01_Z01_C01,Auto-26,0.0,6.0,0.0,0.0,1.8571428571428572,1.3571428571428572,0,0,5,12.0
2024-05-21,Ph01_Z01_C01,Auto-26,12.0,0.0,0.0,0.0,3.5714285714285716,2.2142857142857144,1,0,5,0.0
2024-05-22,Ph01_Z01_C01,Auto-26,0.0,12.0,0.0,0.0,3.5714285714285716,2.2142857142857144,2,0,5,0.0
2024-05-23,Ph01_Z01_C01,Auto-26,0.0,0.0,7.0,0.0,2.5714285714285716,2.2142857142857144,3,0,5,0.0
2024-05-24,Ph01_Z01_C01,Auto-26,0.0,0.0,0.0,4.0,2.5714285714285716,1.9285714285714286,4,0,5,0.0
2024-05-25,Ph01_Z01_C01,Auto-26,0.0,0.0,0.0,2.0,2.5714285714285716,1.7857142857142858,5,1,5,3.0
2024-05-26,Ph01_Z01_C01,Auto-26,3.0,0.0,6.0,0.0,2.142857142857143,2.0,6,1,5,0.0
2024-05-27,Ph01_Z01_C01,Auto-26,0.0,3.0,0.0,0.0,2.142857142857143,2.0,0,0,5,2.0
2024-05-28,Ph01_Z01_C01,Auto-26,2.0,0.0,12.0,0.0,0.7142857142857143,2.142857142857143,1,0,5,1.0
2024-05-29,Ph01_Z01_C01,Auto-26,1.0,2.0,0.0,0.0,0.8571428571428571,2.2142857142857144,2,0,5,0.0
2024-05-30,Ph01_Z01_C01,Auto-26,0.0,1.0,0.0,7.0,0.8571428571428571,1.7142857142857142,3,0,5,3.0
2024-05-31,Ph01_Z01_C01,Auto-26,3.0,0.0,0.0,0.0,1.2857142857142858,1.9285714285714286,4,0,5,8.0
2024-06-01,Ph01_Z01_C01,Auto-26,8.0,3.0,0.0,0.0,2.4285714285714284,2.5,5,1,6,0.0
2024-06-02,Ph01_Z01_C01,Auto-26,0.0,8.0,3.0,6.0,2.0,2.0714285714285716,6,1,6,11.0
2024-06-03,Ph01_Z01_C01,Auto-26,11.0,0.0,0.0,0.0,3.5714285714285716,2.857142857142857,0,0,6,0.0
2024-06-04,Ph01_Z01_C01,Auto-26,0.0,11.0,2.0,12.0,3.2857142857142856,2.0,1,0,6,0.0
2024-06-05,Ph01_Z01_C01,Auto-26,0.0,0.0,1.0,0.0,3.142857142857143,2.0,2,0,6,2.0
2024-06-06,Ph01_Z01_C01,Auto-26,2.0,0.0,0.0,0.0,3.4285714285714284,2.142857142857143,3,0,6,4.0
2024-06-07,Ph01_Z01_C01,Auto-26,4.0,2.0,3.0,0.0,3.5714285714285716,2.4285714285714284,4,0,6,3.0
2024-06-08,Ph01_Z01_C01,Auto-26,3.0,4.0,8.0,0.0,2.857142857142857,2.642857142857143,5,1,6,14.0
2024-06-09,Ph01_Z01_C01,Auto-26,14.0,3.0,0.0,3.0,4.857142857142857,3.4285714285714284,6,1,6,2.0
2024-06-10,Ph01_Z01_C01,Auto-26,2.0,14.0,11.0,0.0,3.5714285714285716,3.5714285714285716,0,0,6,0.0
2024-06-11,Ph01_Z01_C01,Auto-26,0.0,2.0,0.0,2.0,3.5714285714285716,3.4285714285714284,1,0,6,0.0
2024-06-12,Ph01_Z01_C01,Auto-26,0.0,0.0,0.0,1.0,3.5714285714285716,3.357142857142857,2,0,6,7.0
2024-06-13,Ph01_Z01_C01,Auto-26,7.0,0.0,2.0,0.0,4.285714285714286,3.857142857142857,3,0,6,3.0
2024-06-14,Ph01_Z01_C01,Auto-26,3.0,7.0,4.0,3.0,4.142857142857143,3.857142857142857,4,0,6,2.0
2024-06-15,Ph01_Z01_C01,Auto-26,2.0,3.0,3.0,8.0,4.0,3.4285714285714284,5,1,6,0.0
2024-06-16,Ph01_Z01_C01,Auto-26,0.0,2.0,14.0,0.0,2.0,3.4285714285714284,6,1,6,6.0
2024-06-17,Ph01_Z01_C01,Auto-26,6.0,0.0,2.0,11.0,2.5714285714285716,3.0714285714285716,0,0,6,9.0
2024-06-18,Ph01_Z01_C01,Auto-26,9.0,6.0,0.0,0.0,3.857142857142857,3.7142857142857144,1,0,6,0.0
2024-06-19,Ph01_Z01_C01,Auto-26,0.0,9.0,0.0,0.0,3.857142857142857,3.7142857142857144,2,0,6,0.0
2024-06-20,Ph01_Z01_C01,Auto-26,0.0,0.0,7.0,2.0,2.857142857142857,3.5714285714285716,3,0,6,2.0
2024-06-21,Ph01_Z01_C01,Auto-26,2.0,0.0,3.0,4.0,2.7142857142857144,3.4285714285714284,4,0,6,26.0
2024-06-22,Ph01_Z01_C01,Auto-26,26.0,2.0,2.0,3.0,6.142857142857143,5.071428571428571,5,1,6,2.0
2024-06-23,Ph01_Z01_C01,Auto-26,2.0,26.0,0.0,14.0,6.428571428571429,4.214285714285714,6,1,6,0.0
2024-06-24,Ph01_Z01_C01,Auto-26,0.0,2.0,6.0,2.0,5.571428571428571,4.071428571428571,0,0,6,13.0
2024-06-25,Ph01_Z01_C01,Auto-26,13.0,0.0,9.0,0.0,6.142857142857143,5.0,1,0,6,0.0
2024-06-26,Ph01_Z01_C01,Auto-26,0.0,13.0,0.0,0.0,6.142857142857143,5.0,2,0,6,0.0
2024-06-27,Ph01_Z01_C01,Auto-26,0.0,0.0,0.0,7.0,6.142857142857143,4.5,3,0,6,0.0
2024-06-28,Ph01_Z01_C01,Auto-26,0.0,0.0,2.0,3.0,5.857142857142857,4.285714285714286,4,0,6,0.0
2024-06-29,Ph01_Z01_C01,Auto-26,0.0,0.0,26.0,2.0,2.142857142857143,4.142857142857143,5,1,6,0.0
2024-06-30,Ph01_Z01_C01,Auto-26,0.0,0.0,2.0,0.0,1.8571428571428572,4.142857142857143,6,1,6,0.0
2024-07-01,Ph01_Z01_C01,Auto-26,0.0,0.0,0.0,6.0,1.8571428571428572,3.7142857142857144,0,0,7,0.0
2024-07-02,Ph01_Z01_C01,Auto-26,0.0,0.0,13.0,9.0,0.0,3.0714285714285716,1,0,7,0.0
2024-07-03,Ph01_Z01_C01,Auto-26,0.0,0.0,0.0,0.0,0.0,3.0714285714285716,2,0,7,1.0
2024-07-04,Ph01_Z01_C01,Auto-26,1.0,0.0,0.0,0.0,0.14285714285714285,3.142857142857143,3,0,7,0.0
2024-07-05,Ph01_Z01_C01,Auto-26,0.0,1.0,0.0,2.0,0.14285714285714285,3.0,4,0,7,0.0
2024-07-06,Ph01_Z01_C01,Auto-26,0.0,0.0,0.0,26.0,0.14285714285714285,1.1428571428571428,5,1,7,0.0
2024-07-07,Ph01_Z01_C01,Auto-26,0.0,0.0,0.0,2.0,0.14285714285714285,1.0,6,1,7,2.0
2024-07-08,Ph01_Z01_C01,Auto-26,2.0,0.0,0.0,0.0,0.42857142857142855,1.1428571428571428,0,0,7,2.0
2024-07-09,Ph01_Z01_C01,Auto-26,2.0,2.0,0.0,13.0,0.7142857142857143,0.35714285714285715,1,0,7,0.0
2024-07-10,Ph01_Z01_C01,Auto-26,0.0,2.0,0.0,0.0,0.7142857142857143,0.35714285714285715,2,0,7,15.0
2024-07-11,Ph01_Z01_C01,Auto-26,15.0,0.0,1.0,0.0,2.7142857142857144,1.4285714285714286,3,0,7,2.0
2024-07-12,Ph01_Z01_C01,Auto-26,2.0,15.0,0.0,0.0,3.0,1.5714285714285714,4,0,7,0.0
2024-07-13,Ph01_Z01_C01,Auto-26,0.0,2.0,0.0,0.0,3.0,1.5714285714285714,5,1,7,6.0
2024-07-14,Ph01_Z01_C01,Auto-26,6.0,0.0,0.0,0.0,3.857142857142857,2.0,6,1,7,9.0
2024-07-15,Ph01_Z01_C01,Auto-26,9.0,6.0,2.0,0.0,4.857142857142857,2.642857142857143,0,0,7,0.0
2024-07-16,Ph01_Z01_C01,Auto-26,0.0,9.0,2.0,0.0,4.571428571428571,2.642857142857143,1,0,7,0.0
2024-07-17,Ph01_Z01_C01,Auto-26,0.0,0.0,0.0,0.0,4.571428571428571,2.642857142857143,2,0,7,0.0
2024-07-18,Ph01_Z01_C01,Auto-26,0.0,0.0,15.0,1.0,2.4285714285714284,2.5714285714285716,3,0,7,0.0
2024-07-19,Ph01_Z01_C01,Auto-26,0.0,0.0,2.0,0.0,2.142857142857143,2.5714285714285716,4,0,7,0.0
2024-07-20,Ph01_Z01_C01,Auto-26,0.0,0.0,0.0,0.0,2.142857142857143,2.5714285714285716,5,1,7,0.0
2024-07-21,Ph01_Z01_C01,Auto-26,0.0,0.0,6.0,0.0,1.2857142857142858,2.5714285714285716,6,1,7,7.0
2024-07-22,Ph01_Z01_C01,Auto-26,7.0,0.0,9.0,2.0,1.0,2.9285714285714284,0,0,7,2.0
2024-07-23,Ph01_Z01_C01,Auto-26,2.0,7.0,0.0,2.0,1.2857142857142858,2.9285714285714284,1,0,7,4.0
2024-07-24,Ph01_Z01_C01,Auto-26,4.0,2.0,0.0,0.0,1.8571428571428572,3.2142857142857144,2,0,7,9.0
2024-07-25,Ph01_Z01_C01,Auto-26,9.0,4.0,0.0,15.0,3.142857142857143,2.7857142857142856,3,0,7,0.0
2024-07-26,Ph01_Z01_C01,Auto-26,0.0,9.0,0.0,2.0,3.142857142857143,2.642857142857143,4,0,7,4.0
2024-07-27,Ph01_Z01_C01,Auto-26,4.0,0.0,0.0,0.0,3.7142857142857144,2.9285714285714284,5,1,7,0.0
2024-07-28,Ph01_Z01_C01,Auto-26,0.0,4.0,0.0,6.0,3.7142857142857144,2.5,6,1,7,2.0
2024-07-29,Ph01_Z01_C01,Auto-26,2.0,0.0,7.0,9.0,3.0,2.0,0,0,7,0.0
2024-07-30,Ph01_Z01_C01,Auto-26,0.0,2.0,2.0,0.0,2.7142857142857144,2.0,1,0,7,0.0
2024-07-31,Ph01_Z01_C01,Auto-26,0.0,0.0,4.0,0.0,2.142857142857143,2.0,2,0,7,0.0
2024-08-01,Ph01_Z01_C01,Auto-26,0.0,0.0,9.0,0.0,0.8571428571428571,2.0,3,0,8,0.0
2024-08-02,Ph01_Z01_C01,Auto-26,0.0,0.0,0.0,0.0,0.8571428571428571,2.0,4,0,8,0.0
2024-08-03,Ph01_Z01_C01,Auto-26,0.0,0.0,4.0,0.0,0.2857142857142857,2.0,5,1,8,0.0
2024-08-04,Ph01_Z01_C01,Auto-26,0.0,0.0,0.0,0.0,0.2857142857142857,2.0,6,1,8,2.0
2024-08-05,Ph01_Z01_C01,Auto-26,2.0,0.0,2.0,7.0,0.2857142857142857,1.6428571428571428,0,0,8,5.0
2024-08-06,Ph01_Z01_C01,Auto-26,5.0,2.0,0.0,2.0,1.0,1.8571428571428572,1,0,8,7.0
2024-08-07,Ph01_Z01_C01,Auto-26,7.0,5.0,0.0,4.0,2.0,2.0714285714285716,2,0,8,4.0
2024-08-08,Ph01_Z01_C01,Auto-26,4.0,7.0,0.0,9.0,2.5714285714285716,1.7142857142857142,3,0,8,0.0
2024-08-09,Ph01_Z01_C01,Auto-26,0.0,4.0,0.0,0.0,2.5714285714285716,1.7142857142857142,4,0,8,0.0
2024-08-10,Ph01_Z01_C01,Auto-26,0.0,0.0,0.0,4.0,2.5714285714285716,1.4285714285714286,5,1,8,16.0
2024-08-11,Ph01_Z01_C01,Auto-26,16.0,0.0,0.0,0.0,4.857142857142857,2.5714285714285716,6,1,8,0.0
2024-08-12,Ph01_Z01_C01,Auto-26,0.0,16.0,2.0,2.0,4.571428571428571,2.4285714285714284,0,0,8,0.0
2024-08-13,Ph01_Z01_C01,Auto-26,0.0,0.0,5.0,0.0,3.857142857142857,2.4285714285714284,1,0,8,24.0
2024-08-14,Ph01_Z01_C01,Auto-26,24.0,0.0,7.0,0.0,6.285714285714286,4.142857142857143,2,0,8,13.0
2024-08-15,Ph01_Z01_C01,Auto-26,13.0,24.0,4.0,0.0,7.571428571428571,5.071428571428571,3,0,8,0.0
2024-08-16,Ph01_Z01_C01,Auto-26,0.0,13.0,0.0,0.0,7.571428571428571,5.071428571428571,4,0,8,0.0
2024-08-17,Ph01_Z01_C01,Auto-26,0.0,0.0,0.0,0.0,7.571428571428571,5.071428571428571,5,1,8,15.0
2024-08-18,Ph01_Z01_C01,Auto-26,15.0,0.0,16.0,0.0,7.428571428571429,6.142857142857143,6,1,8,2.0
2024-08-19,Ph01_Z01_C01,Auto-26,2.0,15.0,0.0,2.0,7.714285714285714,6.142857142857143,0,0,8,0.0
2024-08-20,Ph01_Z01_C01,Auto-26,0.0,2.0,0.0,5.0,7.714285714285714,5.785714285714286,1,0,8,0.0
2024-08-21,Ph01_Z01_C01,Auto-26,0.0,0.0,24.0,7.0,4.285714285714286,5.285714285714286,2,0,8,0.0
2024-08-22,Ph01_Z01_C01,Auto-26,0.0,0.0,13.0,4.0,2.4285714285714284,5.0,3,0,8,0.0
2024-08-23,Ph01_Z01_C01,Auto-26,0.0,0.0,0.0,0.0,2.4285714285714284,5.0,4,0,8,12.0
2024-08-24,Ph01_Z01_C01,Auto-26,12.0,0.0,0.0,0.0,4.142857142857143,5.857142857142857,5,1,8,0.0
2024-08-25,Ph01_Z01_C01,Auto-26,0.0,12.0,15.0,16.0,2.0,4.714285714285714,6,1,8,0.0
2024-08-26,Ph01_Z01_C01,Auto-26,0.0,0.0,2.0,0.0,1.7142857142857142,4.714285714285714,0,0,8,0.0
2024-08-27,Ph01_Z01_C01,Auto-26,0.0,0.0,0.0,0.0,1.7142857142857142,4.714285714285714,1,0,8,0.0
2024-08-28,Ph01_Z01_C01,Auto-26,0.0,0.0,0.0,24.0,1.7142857142857142,3.0,2,0,8,0.0
2024-08-29,Ph01_Z01_C01,Auto-26,0.0,0.0,0.0,13.0,1.7142857142857142,2.0714285714285716,3,0,8,2.0
2024-08-30,Ph01_Z01_C01,Auto-26,2.0,0.0,0.0,0.0,2.0,2.2142857142857144,4,0,8,0.0
2024-08-31,Ph01_Z01_C01,Auto-26,0.0,2.0,12.0,0.0,0.2857142857142857,2.2142857142857144,5,1,8,0.0
2024-09-01,Ph01_Z01_C01,Auto-26,0.0,0.0,0.0,15.0,0.2857142857142857,1.1428571428571428,6,1,9,11.0
2024-09-02,Ph01_Z01_C01,Auto-26,11.0,0.0,0.0,2.0,1.8571428571428572,1.7857142857142858,0,0,9,0.0
2024-09-03,Ph01_Z01_C01,Auto-26,0.0,11.0,0.0,0.0,1.8571428571428572,1.7857142857142858,1,0,9,3.0
2024-09-04,Ph01_Z01_C01,Auto-26,3.0,0.0,0.0,0.0,2.2857142857142856,2.0,2,0,9,0.0
2024-09-05,Ph01_Z01_C01,Auto-26,0.0,3.0,0.0,0.0,2.2857142857142856,2.0,3,0,9,3.0
2024-09-06,Ph01_Z01_C01,Auto-26,3.0,0.0,2.0,0.0,2.4285714285714284,2.2142857142857144,4,0,9,0.0
2024-09-07,Ph01_Z01_C01,Auto-26,0.0,3.0,0.0,12.0,2.4285714285714284,1.3571428571428572,5,1,9,0.0
2024-09-08,Ph01_Z01_C01,Auto-26,0.0,0.0,0.0,0.0,2.4285714285714284,1.3571428571428572,6,1,9,0.0
2024-09-09,Ph01_Z01_C01,Auto-26,0.0,0.0,11.0,0.0,0.8571428571428571,1.3571428571428572,0,0,9,17.0
2024-09-10,Ph01_Z01_C01,Auto-26,17.0,0.0,0.0,0.0,3.2857142857142856,2.5714285714285716,1,0,9,0.0
2024-09-11,Ph01_Z01_C01,Auto-26,0.0,17.0,3.0,0.0,2.857142857142857,2.5714285714285716,2,0,9,0.0
2024-09-12,Ph01_Z01_C01,Auto-26,0.0,0.0,0.0,0.0,2.857142857142857,2.5714285714285716,3,0,9,8.0
2024-09-13,Ph01_Z01_C01,Auto-26,8.0,0.0,3.0,2.0,3.5714285714285716,3.0,4,0,9,0.0
2024-09-14,Ph01_Z01_C01,Auto-26,0.0,8.0,0.0,0.0,3.5714285714285716,3.0,5,1,9,0.0
2024-09-15,Ph01_Z01_C01,Auto-26,0.0,0.0,0.0,0.0,3.5714285714285716,3.0,6,1,9,0.0
2024-09-16,Ph01_Z01_C01,Auto-26,0.0,0.0,0.0,11.0,3.5714285714285716,2.2142857142857144,0,0,9,0.0
2024-09-17,Ph01_Z01_C01,Auto-26,0.0,0.0,17.0,0.0,1.1428571428571428,2.2142857142857144,1,0,9,0.0
2024-09-18,Ph01_Z01_C01,Auto-26,0.0,0.0,0.0,3.0,1.1428571428571428,2.0,2,0,9,0.0
2024-09-19,Ph01_Z01_C01,Auto-26,0.0,0.0,0.0,0.0,1.1428571428571428,2.0,3,0,9,3.0
2024-09-20,Ph01_Z01_C01,Auto-26,3.0,0.0,8.0,3.0,0.42857142857142855,2.0,4,0,9,0.0
2024-09-21,Ph01_Z01_C01,Auto-26,0.0,3.0,0.0,0.0,0.42857142857142855,2.0,5,1,9,0.0
2024-09-22,Ph01_Z01_C01,Auto-26,0.0,0.0,0.0,0.0,0.42857142857142855,2.0,6,1,9,0.0
2024-09-23,Ph01_Z01_C01,Auto-26,0.0,0.0,0.0,0.0,0.42857142857142855,2.0,0,0,9,0.0
2024-09-24,Ph01_Z01_C01,Auto-26,0.0,0.0,0.0,17.0,0.42857142857142855,0.7857142857142857,1,0,9,2.0
2024-09-25,Ph01_Z01_C01,Auto-26,2.0,0.0,0.0,0.0,0.7142857142857143,0.9285714285714286,2,0,9,1.0
2024-09-26,Ph01_Z01_C01,Auto-26,1.0,2.0,0.0,0.0,0.8571428571428571,1.0,3,0,9,0.0
2024-09-27,Ph01_Z01_C01,Auto-26,0.0,1.0,3.0,8.0,0.42857142857142855,0.42857142857142855,4,0,9,5.0
2024-09-28,Ph01_Z01_C01,Auto-26,5.0,0.0,0.0,0.0,1.1428571428571428,0.7857142857142857,5,1,9,0.0
2024-09-29,Ph01_Z01_C01,Auto-26,0.0,5.0,0.0,0.0,1.1428571428571428,0.7857142857142857,6,1,9,0.0
2024-09-30,Ph01_Z01_C01,Auto-26,0.0,0.0,0.0,0.0,1.1428571428571428,0.7857142857142857,0,0,9,0.0
2024-10-01,Ph01_Z01_C01,Auto-26,0.0,0.0,0.0,0.0,1.1428571428571428,0.7857142857142857,1,0,10,0.0
2024-10-02,Ph01_Z01_C01,Auto-26,0.0,0.0,2.0,0.0,0.8571428571428571,0.7857142857142857,2,0,10,0.0
2024-10-03,Ph01_Z01_C01,Auto-26,0.0,0.0,1.0,0.0,0.7142857142857143,0.7857142857142857,3,0,10,15.0
2024-10-04,Ph01_Z01_C01,Auto-26,15.0,0.0,0.0,3.0,2.857142857142857,1.6428571428571428,4,0,10,0.0
2024-10-05,Ph01_Z01_C01,Auto-26,0.0,15.0,5.0,0.0,2.142857142857143,1.6428571428571428,5,1,10,0.0
2024-10-06,Ph01_Z01_C01,Auto-26,0.0,0.0,0.0,0.0,2.142857142857143,1.6428571428571428,6,1,10,0.0
2024-10-07,Ph01_Z01_C01,Auto-26,0.0,0.0,0.0,0.0,2.142857142857143,1.6428571428571428,0,0,10,0.0
2024-10-08,Ph01_Z01_C01,Auto-26,0.0,0.0,0.0,0.0,2.142857142857143,1.6428571428571428,1,0,10,1.0
2024-10-09,Ph01_Z01_C01,Auto-26,1.0,0.0,0.0,2.0,2.2857142857142856,1.5714285714285714,2,0,10,0.0
2024-10-10,Ph01_Z01_C01,Auto-26,0.0,1.0,0.0,1.0,2.2857142857142856,1.5,3,0,10,1.0
2024-10-11,Ph01_Z01_C01,Auto-26,1.0,0.0,15.0,0.0,0.2857142857142857,1.5714285714285714,4,0,10,3.0
2024-10-12,Ph01_Z01_C01,Auto-26,3.0,1.0,0.0,5.0,0.7142857142857143,1.4285714285714286,5,1,10,0.0
2024-10-13,Ph01_Z01_C01,Auto-26,0.0,3.0,0.0,0.0,0.7142857142857143,1.4285714285714286,6,1,10,0.0
2024-10-14,Ph01_Z01_C01,Auto-26,0.0,0.0,0.0,0.0,0.7142857142857143,1.4285714285714286,0,0,10,0.0
2024-10-15,Ph01_Z01_C01,Auto-26,0.0,0.0,0.0,0.0,0.7142857142857143,1.4285714285714286,1,0,10,3.0
2024-10-16,Ph01_Z01_C01,Auto-26,3.0,0.0,1.0,0.0,1.0,1.6428571428571428,2,0,10,1.0
2024-10-17,Ph01_Z01_C01,Auto-26,1.0,3.0,0.0,0.0,1.1428571428571428,1.7142857142857142,3,0,10,3.0
2024-10-18,Ph01_Z01_C01,Auto-26,3.0,1.0,1.0,15.0,1.4285714285714286,0.8571428571428571,4,0,10,8.0
2024-10-19,Ph01_Z01_C01,Auto-26,8.0,3.0,3.0,0.0,2.142857142857143,1.4285714285714286,5,1,10,2.0
2024-10-20,Ph01_Z01_C01,Auto-26,2.0,8.0,0.0,0.0,2.4285714285714284,1.5714285714285714,6,1,10,0.0
2024-10-21,Ph01_Z01_C01,Auto-26,0.0,2.0,0.0,0.0,2.4285714285714284,1.5714285714285714,0,0,10,0.0
2024-10-22,Ph01_Z01_C01,Auto-26,0.0,0.0,0.0,0.0,2.4285714285714284,1.5714285714285714,1,0,10,0.0
2024-10-23,Ph01_Z01_C01,Auto-26,0.0,0.0,3.0,1.0,2.0,1.5,2,0,10,7.0
2024-10-24,Ph01_Z01_C01,Auto-26,7.0,0.0,1.0,0.0,2.857142857142857,2.0,3,0,10,0.0
2024-10-25,Ph01_Z01_C01,Auto-26,0.0,7.0,3.0,1.0,2.4285714285714284,1.9285714285714286,4,0,10,2.0
2024-10-26,Ph01_Z01_C01,Auto-26,2.0,0.0,8.0,3.0,1.5714285714285714,1.8571428571428572,5,1,10,7.0
2024-10-27,Ph01_Z01_C01,Auto-26,7.0,2.0,2.0,0.0,2.2857142857142856,2.357142857142857,6,1,10,0.0
2024-10-28,Ph01_Z01_C01,Auto-26,0.0,7.0,0.0,0.0,2.2857142857142856,2.357142857142857,0,0,10,0.0
2024-10-29,Ph01_Z01_C01,Auto-26,0.0,0.0,0.0,0.0,2.2857142857142856,2.357142857142857,1,0,10,12.0
2024-10-30,Ph01_Z01_C01,Auto-26,12.0,0.0,0.0,3.0,4.0,3.0,2,0,10,0.0
2024-10-31,Ph01_Z01_C01,Auto-26,0.0,12.0,7.0,1.0,3.0,2.9285714285714284,3,0,10,0.0
